{
 "cells": [
  {
   "cell_type": "code",
   "execution_count": 3,
   "id": "76410136-d243-461e-a393-0e66cfc5ff8e",
   "metadata": {},
   "outputs": [],
   "source": [
    "import numpy as np\n",
    "from filterpy.kalman import MerweScaledSigmaPoints"
   ]
  },
  {
   "cell_type": "code",
   "execution_count": 4,
   "id": "a161e53f-b8cb-4508-9420-95338104c0e2",
   "metadata": {},
   "outputs": [],
   "source": [
    "P = np.array(\n",
    "[[ 3.36989867e+22, 8.16877779e+22, -6.33009859e+22, 6.74674648e+23, 1.63544008e+24, -1.26732505e+24, -9.96538793e+04, -5.99204709e+04, -5.09209176e+04, -4.62208179e+04],\n",
    " [ 8.16877779e+22, 1.98014843e+23, -1.53444395e+23, 1.63544007e+24, 3.96438016e+24, -3.07205209e+24, -2.56801390e+05, -2.30440681e+04, 5.22815302e+04, 7.93332605e+03],\n",
    " [-6.33009858e+22, -1.53444394e+23, 1.19628822e+23, -1.26732504e+24, -3.07205213e+24, 2.38058631e+24, 1.29606370e+05, 1.86862990e+05, -7.00042174e+04, 4.05881955e+03],\n",
    " [ 6.74674646e+23, 1.63544006e+24, -1.26732504e+24, 1.35074054e+25, 3.27425260e+25, -2.53726346e+25, -1.99513235e+06, -1.19964579e+06, -1.01946879e+06, -9.25369543e+05],\n",
    " [ 1.63544007e+24, 3.96438016e+24, -3.07205212e+24, 3.27425260e+25, 7.93693526e+25, -6.15043916e+25, -5.14132345e+06, -4.61354204e+05, 1.04671242e+06, 1.58830057e+05],\n",
    " [-1.26732505e+24, -3.07205208e+24, 2.38058631e+24, -2.53726347e+25, -6.15043917e+25, 4.76606178e+25, 2.59480005e+06, 3.74112230e+06, -1.40150976e+06, 8.12601816e+04],\n",
    " [-9.96538793e+04, -2.56801390e+05, 1.29606368e+05, -1.99513235e+06, -5.14132345e+06, 2.59480005e+06, 1.00107032e+00, -1.62022940e-07, 5.81993552e-08, -8.73251207e-09],\n",
    " [-5.99204709e+04, -2.30440667e+04, 1.86862991e+05, -1.19964581e+06, -4.61354218e+05, 3.74112229e+06, -1.62022940e-07, 9.97960884e-01, -1.40156766e-09, -1.84931607e-09],\n",
    " [-5.09209176e+04, 5.22815299e+04, -7.00042177e+04, -1.01946879e+06, 1.04671242e+06, -1.40150976e+06, 5.81993552e-08, -1.40156766e-09, 1.00233111e+00, 1.27624511e-09],\n",
    " [-4.62208179e+04, 7.93332611e+03, 4.05881955e+03, -9.25369543e+05, 1.58830057e+05, 8.12601821e+04, -8.73251207e-09, -1.84931607e-09, 1.27624511e-09, 9.96811592e-01]]\n",
    ")\n",
    "x = np.array([[-1.37681671e+11],\n",
    " [-3.33736731e+11],\n",
    " [ 2.57429131e+11],\n",
    " [-2.75643985e+12],\n",
    " [-6.68168964e+12],\n",
    " [ 5.17774857e+12],\n",
    " [-9.20693309e-01],\n",
    " [-3.44705666e-01],\n",
    " [ 1.80523069e-01],\n",
    " [-3.02013817e-02]])"
   ]
  },
  {
   "cell_type": "code",
   "execution_count": 5,
   "id": "8a6a1331-950d-4c82-880d-a5dc188452c9",
   "metadata": {},
   "outputs": [
    {
     "data": {
      "text/plain": [
       "array([ 1.40887969e+26,  7.21793187e+20,  1.05331679e+19,  1.71341029e+19,\n",
       "       -2.53591123e+15,  7.97926054e+13,  9.96811511e-01,  9.97960391e-01,\n",
       "        1.00107024e+00,  1.00233089e+00])"
      ]
     },
     "execution_count": 5,
     "metadata": {},
     "output_type": "execute_result"
    }
   ],
   "source": [
    "np.linalg.eigvals(P)"
   ]
  },
  {
   "cell_type": "code",
   "execution_count": 6,
   "id": "b39f76ca-69c4-499e-9b38-64a8bc677d13",
   "metadata": {},
   "outputs": [],
   "source": [
    "alpha = 0.0001\n",
    "beta = 2.\n",
    "kappa = 0.\n",
    "points = MerweScaledSigmaPoints(n=10, alpha=alpha, beta=beta, kappa=kappa)"
   ]
  },
  {
   "cell_type": "code",
   "execution_count": 7,
   "id": "2b7d5593-5ad7-46b7-b5b1-6ef8c64abdcd",
   "metadata": {},
   "outputs": [
    {
     "ename": "LinAlgError",
     "evalue": "4-th leading minor of the array is not positive definite",
     "output_type": "error",
     "traceback": [
      "\u001b[0;31m---------------------------------------------------------------------------\u001b[0m",
      "\u001b[0;31mLinAlgError\u001b[0m                               Traceback (most recent call last)",
      "Cell \u001b[0;32mIn[7], line 1\u001b[0m\n\u001b[0;32m----> 1\u001b[0m \u001b[43mpoints\u001b[49m\u001b[38;5;241;43m.\u001b[39;49m\u001b[43msigma_points\u001b[49m\u001b[43m(\u001b[49m\u001b[43mx\u001b[49m\u001b[38;5;241;43m.\u001b[39;49m\u001b[43mreshape\u001b[49m\u001b[43m(\u001b[49m\u001b[38;5;241;43m-\u001b[39;49m\u001b[38;5;241;43m1\u001b[39;49m\u001b[43m,\u001b[49m\u001b[43m)\u001b[49m\u001b[43m,\u001b[49m\u001b[43m \u001b[49m\u001b[43mP\u001b[49m\u001b[43m)\u001b[49m\n",
      "File \u001b[0;32m/Volumes/Data_EXT/data/MScThesis/workspace/shared/venv/lib/python3.10/site-packages/filterpy/kalman/sigma_points.py:168\u001b[0m, in \u001b[0;36mMerweScaledSigmaPoints.sigma_points\u001b[0;34m(self, x, P)\u001b[0m\n\u001b[1;32m    165\u001b[0m     P \u001b[38;5;241m=\u001b[39m np\u001b[38;5;241m.\u001b[39matleast_2d(P)\n\u001b[1;32m    167\u001b[0m lambda_ \u001b[38;5;241m=\u001b[39m \u001b[38;5;28mself\u001b[39m\u001b[38;5;241m.\u001b[39malpha\u001b[38;5;241m*\u001b[39m\u001b[38;5;241m*\u001b[39m\u001b[38;5;241m2\u001b[39m \u001b[38;5;241m*\u001b[39m (n \u001b[38;5;241m+\u001b[39m \u001b[38;5;28mself\u001b[39m\u001b[38;5;241m.\u001b[39mkappa) \u001b[38;5;241m-\u001b[39m n\n\u001b[0;32m--> 168\u001b[0m U \u001b[38;5;241m=\u001b[39m \u001b[38;5;28;43mself\u001b[39;49m\u001b[38;5;241;43m.\u001b[39;49m\u001b[43msqrt\u001b[49m\u001b[43m(\u001b[49m\u001b[43m(\u001b[49m\u001b[43mlambda_\u001b[49m\u001b[43m \u001b[49m\u001b[38;5;241;43m+\u001b[39;49m\u001b[43m \u001b[49m\u001b[43mn\u001b[49m\u001b[43m)\u001b[49m\u001b[38;5;241;43m*\u001b[39;49m\u001b[43mP\u001b[49m\u001b[43m)\u001b[49m\n\u001b[1;32m    170\u001b[0m sigmas \u001b[38;5;241m=\u001b[39m np\u001b[38;5;241m.\u001b[39mzeros((\u001b[38;5;241m2\u001b[39m\u001b[38;5;241m*\u001b[39mn\u001b[38;5;241m+\u001b[39m\u001b[38;5;241m1\u001b[39m, n))\n\u001b[1;32m    171\u001b[0m sigmas[\u001b[38;5;241m0\u001b[39m] \u001b[38;5;241m=\u001b[39m x\n",
      "File \u001b[0;32m/Volumes/Data_EXT/data/MScThesis/workspace/shared/venv/lib/python3.10/site-packages/scipy/linalg/_decomp_cholesky.py:88\u001b[0m, in \u001b[0;36mcholesky\u001b[0;34m(a, lower, overwrite_a, check_finite)\u001b[0m\n\u001b[1;32m     44\u001b[0m \u001b[38;5;28;01mdef\u001b[39;00m \u001b[38;5;21mcholesky\u001b[39m(a, lower\u001b[38;5;241m=\u001b[39m\u001b[38;5;28;01mFalse\u001b[39;00m, overwrite_a\u001b[38;5;241m=\u001b[39m\u001b[38;5;28;01mFalse\u001b[39;00m, check_finite\u001b[38;5;241m=\u001b[39m\u001b[38;5;28;01mTrue\u001b[39;00m):\n\u001b[1;32m     45\u001b[0m \u001b[38;5;250m    \u001b[39m\u001b[38;5;124;03m\"\"\"\u001b[39;00m\n\u001b[1;32m     46\u001b[0m \u001b[38;5;124;03m    Compute the Cholesky decomposition of a matrix.\u001b[39;00m\n\u001b[1;32m     47\u001b[0m \n\u001b[0;32m   (...)\u001b[0m\n\u001b[1;32m     86\u001b[0m \n\u001b[1;32m     87\u001b[0m \u001b[38;5;124;03m    \"\"\"\u001b[39;00m\n\u001b[0;32m---> 88\u001b[0m     c, lower \u001b[38;5;241m=\u001b[39m \u001b[43m_cholesky\u001b[49m\u001b[43m(\u001b[49m\u001b[43ma\u001b[49m\u001b[43m,\u001b[49m\u001b[43m \u001b[49m\u001b[43mlower\u001b[49m\u001b[38;5;241;43m=\u001b[39;49m\u001b[43mlower\u001b[49m\u001b[43m,\u001b[49m\u001b[43m \u001b[49m\u001b[43moverwrite_a\u001b[49m\u001b[38;5;241;43m=\u001b[39;49m\u001b[43moverwrite_a\u001b[49m\u001b[43m,\u001b[49m\u001b[43m \u001b[49m\u001b[43mclean\u001b[49m\u001b[38;5;241;43m=\u001b[39;49m\u001b[38;5;28;43;01mTrue\u001b[39;49;00m\u001b[43m,\u001b[49m\n\u001b[1;32m     89\u001b[0m \u001b[43m                         \u001b[49m\u001b[43mcheck_finite\u001b[49m\u001b[38;5;241;43m=\u001b[39;49m\u001b[43mcheck_finite\u001b[49m\u001b[43m)\u001b[49m\n\u001b[1;32m     90\u001b[0m     \u001b[38;5;28;01mreturn\u001b[39;00m c\n",
      "File \u001b[0;32m/Volumes/Data_EXT/data/MScThesis/workspace/shared/venv/lib/python3.10/site-packages/scipy/linalg/_decomp_cholesky.py:36\u001b[0m, in \u001b[0;36m_cholesky\u001b[0;34m(a, lower, overwrite_a, clean, check_finite)\u001b[0m\n\u001b[1;32m     34\u001b[0m c, info \u001b[38;5;241m=\u001b[39m potrf(a1, lower\u001b[38;5;241m=\u001b[39mlower, overwrite_a\u001b[38;5;241m=\u001b[39moverwrite_a, clean\u001b[38;5;241m=\u001b[39mclean)\n\u001b[1;32m     35\u001b[0m \u001b[38;5;28;01mif\u001b[39;00m info \u001b[38;5;241m>\u001b[39m \u001b[38;5;241m0\u001b[39m:\n\u001b[0;32m---> 36\u001b[0m     \u001b[38;5;28;01mraise\u001b[39;00m LinAlgError(\u001b[38;5;124m\"\u001b[39m\u001b[38;5;132;01m%d\u001b[39;00m\u001b[38;5;124m-th leading minor of the array is not positive \u001b[39m\u001b[38;5;124m\"\u001b[39m\n\u001b[1;32m     37\u001b[0m                       \u001b[38;5;124m\"\u001b[39m\u001b[38;5;124mdefinite\u001b[39m\u001b[38;5;124m\"\u001b[39m \u001b[38;5;241m%\u001b[39m info)\n\u001b[1;32m     38\u001b[0m \u001b[38;5;28;01mif\u001b[39;00m info \u001b[38;5;241m<\u001b[39m \u001b[38;5;241m0\u001b[39m:\n\u001b[1;32m     39\u001b[0m     \u001b[38;5;28;01mraise\u001b[39;00m \u001b[38;5;167;01mValueError\u001b[39;00m(\u001b[38;5;124mf\u001b[39m\u001b[38;5;124m'\u001b[39m\u001b[38;5;124mLAPACK reported an illegal value in \u001b[39m\u001b[38;5;132;01m{\u001b[39;00m\u001b[38;5;241m-\u001b[39minfo\u001b[38;5;132;01m}\u001b[39;00m\u001b[38;5;124m-th argument\u001b[39m\u001b[38;5;124m'\u001b[39m\n\u001b[1;32m     40\u001b[0m                      \u001b[38;5;124m'\u001b[39m\u001b[38;5;124mon entry to \u001b[39m\u001b[38;5;124m\"\u001b[39m\u001b[38;5;124mPOTRF\u001b[39m\u001b[38;5;124m\"\u001b[39m\u001b[38;5;124m.\u001b[39m\u001b[38;5;124m'\u001b[39m)\n",
      "\u001b[0;31mLinAlgError\u001b[0m: 4-th leading minor of the array is not positive definite"
     ]
    }
   ],
   "source": [
    "points.sigma_points(x.reshape(-1,), P)"
   ]
  },
  {
   "cell_type": "code",
   "execution_count": 8,
   "id": "f68aefef-8a4f-4b4e-b62d-6d7cf76afbce",
   "metadata": {},
   "outputs": [],
   "source": [
    "P2 = np.array(\n",
    "    [[1.81018306e+02, 1.95686737e-01, 1.47244741e+04, 1.57117211e+02, -8.27291924e+00, 1.26038960e+03, -2.00303619e+00, 7.81724448e+00, 1.04035477e+01, 2.41556742e+01], \n",
    "     [1.95686737e-01, 1.81784610e+02, 2.00242693e+03, 8.70353448e+00, 1.57614058e+02, 1.36764277e+02, -2.42485059e+01, -1.03703468e+01, 7.86716400e+00, -1.98935098e+00], \n",
    "     [1.47244741e+04, 2.00242693e+03, 1.30123437e+12, 2.56407679e+04, 5.30502302e+02, 1.03100732e+10, 5.30020372e+03, -1.78317090e+04, 9.54733115e+02, 2.46372149e+04],\n",
    "     [1.57117211e+02, 8.70353448e+00, 2.56407679e+04, 2.25226902e+02, 3.76665406e-01, 2.26359405e+03, -1.09152430e+01, 8.01241874e+00, 1.77025533e+01, 4.97803249e+01],\n",
    "     [-8.27291924e+00, 1.57614058e+02, 5.30502302e+02, 3.76665406e-01, 2.25895014e+02, -4.70831803e+01, -4.99901669e+01, -1.76474276e+01, 8.08071917e+00, -1.08671456e+01],\n",
    "     [1.26038960e+03, 1.36764277e+02, 1.03100732e+10, 2.26359405e+03, -4.70831803e+01, 9.14170923e+07, 5.52886952e+02, -1.61428412e+03, 1.15086354e+02, 2.22683176e+03],\n",
    "     [-2.00303619e+00, -2.42485059e+01, 5.30020372e+03, -1.09152430e+01, -4.99901669e+01, 5.52886952e+02, 4.97650043e+01, -3.48174154e+00, 1.89539967e+01, -6.57112562e-03], \n",
    "     [7.81724448e+00, -1.03703468e+01, -1.78317090e+04, 8.01241874e+00, -1.76474276e+01, -1.61428412e+03, -3.48174154e+00, 3.40896257e+01, -1.15623253e-02, -1.88895586e+01],\n",
    "     [1.04035477e+01, 7.86716400e+00, 9.54733115e+02, 1.77025533e+01, 8.08071917e+00, 1.15086354e+02, 1.89539967e+01, -1.15623253e-02, 3.42213001e+01, -3.47903570e+00],\n",
    "     [2.41556742e+01, -1.98935098e+00, 2.46372149e+04, 4.97803249e+01, -1.08671456e+01, 2.22683176e+03, -6.57112562e-03, -1.88895586e+01, -3.47903570e+00, 4.95779720e+01]]\n",
    ")\n",
    "x2 = np.array(\n",
    " [[ 1.03028100e+01],\n",
    " [-1.24516793e+01],\n",
    " [ 1.81730518e+07],\n",
    " [ 8.00486315e+00],\n",
    " [ 2.72422816e+00],\n",
    " [ 1.68789702e+05],\n",
    " [-1.01153989e-01],\n",
    " [-4.62949462e-02],\n",
    " [-3.36991220e-02],\n",
    " [-1.05042425e-01]]\n",
    ")"
   ]
  },
  {
   "cell_type": "code",
   "execution_count": 9,
   "id": "a4c6f368-36de-49bf-8eed-3e55fed7446b",
   "metadata": {},
   "outputs": [
    {
     "data": {
      "text/plain": [
       "array([1.30131606e+12, 9.72665683e+06, 3.71650187e+02, 3.73825994e+02,\n",
       "       6.45319162e+01, 6.52977334e+01, 4.19813942e+01, 4.22670046e+01,\n",
       "       1.03638711e+01, 1.04111045e+01])"
      ]
     },
     "execution_count": 9,
     "metadata": {},
     "output_type": "execute_result"
    }
   ],
   "source": [
    "np.linalg.eigvals(P2)"
   ]
  },
  {
   "cell_type": "code",
   "execution_count": 10,
   "id": "11c02de7-9787-48f4-a7f4-c744df946a83",
   "metadata": {
    "scrolled": true
   },
   "outputs": [
    {
     "data": {
      "text/plain": [
       "array([[ 1.03028100e+01, -1.24516793e+01,  1.81730518e+07,\n",
       "         8.00486315e+00,  2.72422816e+00,  1.68789702e+05,\n",
       "        -1.01153989e-01, -4.62949462e-02, -3.36991220e-02,\n",
       "        -1.05042425e-01],\n",
       "       [ 1.03070646e+01, -1.24516747e+01,  1.81730521e+07,\n",
       "         8.00855601e+00,  2.72403371e+00,  1.68789732e+05,\n",
       "        -1.01201068e-01, -4.61112110e-02, -3.34545987e-02,\n",
       "        -1.04474674e-01],\n",
       "       [ 1.03028100e+01, -1.24474157e+01,  1.81730518e+07,\n",
       "         8.00506330e+00,  2.72792509e+00,  1.68789705e+05,\n",
       "        -1.01722669e-01, -4.65383732e-02, -3.35148673e-02,\n",
       "        -1.05089696e-01],\n",
       "       [ 1.03028100e+01, -1.24516793e+01,  1.81734125e+07,\n",
       "         8.00486669e+00,  2.72422802e+00,  1.68792560e+05,\n",
       "        -1.01152401e-01, -4.63000343e-02, -3.36991157e-02,\n",
       "        -1.05036134e-01],\n",
       "       [ 1.03028100e+01, -1.24516793e+01,  1.81730518e+07,\n",
       "         8.00783728e+00,  2.72423347e+00,  1.68789738e+05,\n",
       "        -1.01424271e-01, -4.62372909e-02, -3.34199183e-02,\n",
       "        -1.04070426e-01],\n",
       "       [ 1.03028100e+01, -1.24516793e+01,  1.81730518e+07,\n",
       "         8.00486315e+00,  2.72720883e+00,  1.68789698e+05,\n",
       "        -1.02128391e-01, -4.65732029e-02, -3.36410947e-02,\n",
       "        -1.05313075e-01],\n",
       "       [ 1.03028100e+01, -1.24516793e+01,  1.81730518e+07,\n",
       "         8.00486315e+00,  2.72422816e+00,  1.68790687e+05,\n",
       "        -1.01092906e-01, -4.64518533e-02, -3.37053187e-02,\n",
       "        -1.04887772e-01],\n",
       "       [ 1.03028100e+01, -1.24516793e+01,  1.81730518e+07,\n",
       "         8.00486315e+00,  2.72422816e+00,  1.68789702e+05,\n",
       "        -9.92501397e-02, -4.66751835e-02, -3.25729417e-02,\n",
       "        -1.05048347e-01],\n",
       "       [ 1.03028100e+01, -1.24516793e+01,  1.81730518e+07,\n",
       "         8.00486315e+00,  2.72422816e+00,  1.68789702e+05,\n",
       "        -1.01153989e-01, -4.45439550e-02, -3.34557963e-02,\n",
       "        -1.06249789e-01],\n",
       "       [ 1.03028100e+01, -1.24516793e+01,  1.81730518e+07,\n",
       "         8.00486315e+00,  2.72422816e+00,  1.68789702e+05,\n",
       "        -1.01153989e-01, -4.62949462e-02, -3.23136478e-02,\n",
       "        -1.05354443e-01],\n",
       "       [ 1.03028100e+01, -1.24516793e+01,  1.81730518e+07,\n",
       "         8.00486315e+00,  2.72422816e+00,  1.68789702e+05,\n",
       "        -1.01153989e-01, -4.62949462e-02, -3.36991220e-02,\n",
       "        -1.03615501e-01],\n",
       "       [ 1.02985554e+01, -1.24516839e+01,  1.81730515e+07,\n",
       "         8.00117029e+00,  2.72442261e+00,  1.68789672e+05,\n",
       "        -1.01106910e-01, -4.64786814e-02, -3.39436453e-02,\n",
       "        -1.05610176e-01],\n",
       "       [ 1.03028100e+01, -1.24559429e+01,  1.81730518e+07,\n",
       "         8.00466300e+00,  2.72053123e+00,  1.68789699e+05,\n",
       "        -1.00585309e-01, -4.60515192e-02, -3.38833767e-02,\n",
       "        -1.04995154e-01],\n",
       "       [ 1.03028100e+01, -1.24516793e+01,  1.81726911e+07,\n",
       "         8.00485961e+00,  2.72422830e+00,  1.68786844e+05,\n",
       "        -1.01155577e-01, -4.62898581e-02, -3.36991283e-02,\n",
       "        -1.05048716e-01],\n",
       "       [ 1.03028100e+01, -1.24516793e+01,  1.81730518e+07,\n",
       "         8.00188902e+00,  2.72422285e+00,  1.68789666e+05,\n",
       "        -1.00883707e-01, -4.63526015e-02, -3.39783257e-02,\n",
       "        -1.06014424e-01],\n",
       "       [ 1.03028100e+01, -1.24516793e+01,  1.81730518e+07,\n",
       "         8.00486315e+00,  2.72124749e+00,  1.68789706e+05,\n",
       "        -1.00179587e-01, -4.60166895e-02, -3.37571493e-02,\n",
       "        -1.04771775e-01],\n",
       "       [ 1.03028100e+01, -1.24516793e+01,  1.81730518e+07,\n",
       "         8.00486315e+00,  2.72422816e+00,  1.68788717e+05,\n",
       "        -1.01215072e-01, -4.61380391e-02, -3.36929253e-02,\n",
       "        -1.05197078e-01],\n",
       "       [ 1.03028100e+01, -1.24516793e+01,  1.81730518e+07,\n",
       "         8.00486315e+00,  2.72422816e+00,  1.68789702e+05,\n",
       "        -1.03057838e-01, -4.59147089e-02, -3.48253023e-02,\n",
       "        -1.05036503e-01],\n",
       "       [ 1.03028100e+01, -1.24516793e+01,  1.81730518e+07,\n",
       "         8.00486315e+00,  2.72422816e+00,  1.68789702e+05,\n",
       "        -1.01153989e-01, -4.80459374e-02, -3.39424477e-02,\n",
       "        -1.03835061e-01],\n",
       "       [ 1.03028100e+01, -1.24516793e+01,  1.81730518e+07,\n",
       "         8.00486315e+00,  2.72422816e+00,  1.68789702e+05,\n",
       "        -1.01153989e-01, -4.62949462e-02, -3.50845962e-02,\n",
       "        -1.04730407e-01],\n",
       "       [ 1.03028100e+01, -1.24516793e+01,  1.81730518e+07,\n",
       "         8.00486315e+00,  2.72422816e+00,  1.68789702e+05,\n",
       "        -1.01153989e-01, -4.62949462e-02, -3.36991220e-02,\n",
       "        -1.06469349e-01]])"
      ]
     },
     "execution_count": 10,
     "metadata": {},
     "output_type": "execute_result"
    }
   ],
   "source": [
    "points.sigma_points(x2.reshape(-1,), P2)"
   ]
  },
  {
   "cell_type": "code",
   "execution_count": 11,
   "id": "52d9e19d-ec32-4c7f-aaa8-e8a9693f3c38",
   "metadata": {},
   "outputs": [
    {
     "data": {
      "text/plain": [
       "array([[ 0.23693837, -0.10835531,  0.15903746],\n",
       "       [ 0.42232157,  0.0836173 , -0.00562657],\n",
       "       [-0.27285721,  0.47696141, -0.25503993],\n",
       "       [ 0.10487999,  0.79587138, -0.07330126],\n",
       "       [-0.12216642,  0.11920633, -0.05050964],\n",
       "       [ 0.05962228, -0.21390148,  0.28111115],\n",
       "       [-0.05347519, -0.19462194,  0.08409137],\n",
       "       [-0.08781583, -0.05157778, -0.03644325],\n",
       "       [-0.4440617 , -0.40110537,  0.44385441],\n",
       "       [ 0.60600897, -0.42081605,  0.06904846]])"
      ]
     },
     "execution_count": 11,
     "metadata": {},
     "output_type": "execute_result"
    }
   ],
   "source": [
    "q = [0.1, 0.1, 0.1]\n",
    "i = np.eye(len(q))\n",
    "Q = np.array([[val * num for num in i[ind]] for ind, val in enumerate(q)])\n",
    "\n",
    "noise = np.random.multivariate_normal(np.zeros(Q.shape[0]), Q, 10)\n",
    "noise"
   ]
  },
  {
   "cell_type": "code",
   "execution_count": 12,
   "id": "8f542051-2921-4e5c-bdd7-b51afc563cdc",
   "metadata": {},
   "outputs": [
    {
     "data": {
      "text/plain": [
       "array([[1.23693837, 0.89164469, 1.15903746],\n",
       "       [1.42232157, 1.0836173 , 0.99437343],\n",
       "       [0.72714279, 1.47696141, 0.74496007],\n",
       "       [1.10487999, 1.79587138, 0.92669874],\n",
       "       [0.87783358, 1.11920633, 0.94949036],\n",
       "       [1.05962228, 0.78609852, 1.28111115],\n",
       "       [0.94652481, 0.80537806, 1.08409137],\n",
       "       [0.91218417, 0.94842222, 0.96355675],\n",
       "       [0.5559383 , 0.59889463, 1.44385441],\n",
       "       [1.60600897, 0.57918395, 1.06904846]])"
      ]
     },
     "execution_count": 12,
     "metadata": {},
     "output_type": "execute_result"
    }
   ],
   "source": [
    "np.ones((10, 3)) + noise"
   ]
  },
  {
   "cell_type": "markdown",
   "id": "73fb3818-911a-41e6-81fa-23a1529411c3",
   "metadata": {},
   "source": [
    "## Assumption"
   ]
  },
  {
   "cell_type": "markdown",
   "id": "2ce3ee31-678d-41c8-898c-1e14f1072369",
   "metadata": {},
   "source": [
    "Since Unscented Kalman Filter has a recursive process meaning that if error between estimates and measured vector are corrected properly in measurement update step, the mean and its error covariance matrix continuously grow over time, causing the \"4-th leading minor of the array is not positive definite\" error since the covariance matrix P breaks a convention that the matrix has to be positive-definite meaning that all the eigenvalues need to be positive or zero."
   ]
  },
  {
   "cell_type": "code",
   "execution_count": null,
   "id": "ac638913-1ecc-460e-b09b-9b6b0a955a4b",
   "metadata": {},
   "outputs": [],
   "source": []
  }
 ],
 "metadata": {
  "kernelspec": {
   "display_name": "Python 3 (ipykernel)",
   "language": "python",
   "name": "python3"
  },
  "language_info": {
   "codemirror_mode": {
    "name": "ipython",
    "version": 3
   },
   "file_extension": ".py",
   "mimetype": "text/x-python",
   "name": "python",
   "nbconvert_exporter": "python",
   "pygments_lexer": "ipython3",
   "version": "3.10.1"
  }
 },
 "nbformat": 4,
 "nbformat_minor": 5
}
