0.9999999999999999 -6.424973705203675e-20 4.1338077682425126e-19 -1.1102230246251565e-16 -9.700417165756624e-20 0.9999999999999999 -2.2124727870976857e-18 2.7755575615628914e-17 -3.026685040671867e-19 -7.586766576462757e-19 1.0 0.0
0.9999835944042498 0.0005797091545510601 -0.0060107641967435945 -0.008235038562145913 -0.0005777072047820447 1.0000016042986717 0.00033481008064944074 -0.0021453785831717642 0.006010958432937617 -0.00033133155941555655 0.9999837063909506 0.08860493429176008
0.9999085299385227 0.0012421024327190925 -0.013309539120492058 -0.019173531037847802 -0.0012393911182524593 0.9999970869586916 0.00021197543704539585 -0.002814046189784397 0.013309795180540457 -0.00019546076282931285 0.9999092789573297 0.18545000896900476
0.9997870176964323 0.0016482902563942933 -0.020556119155746268 -0.033944165444775076 -0.0016553685332220828 0.999998252192493 -0.00032731217766349683 -0.003962785579568834 0.020555555457457478 0.00036127057239827636 0.9997883228532392 0.2770327874384567
0.999567067516219 0.0022781130201941268 -0.02923541246868039 -0.04977545936361105 -0.002322630440769609 0.9999933052696917 -0.0014888336916937161 -0.003023714816707712 0.029231916681463854 0.001556096851492062 0.9995685547734975 0.3733711074970508
0.9991513633514142 0.002648454048183056 -0.041138486001056976 -0.07201103179535295 -0.002779143399573426 0.999992689460502 -0.0031199406852275313 -0.003345069085053498 0.04112987404850173 0.0032316185134137468 0.9991500023790935 0.4804194259811503
0.9985450288018171 0.0026825159646245906 -0.0538942574436068 -0.09874596565045135 -0.0029024833306506887 0.9999897543979592 -0.004003601599469243 -0.008426904750098857 0.053882872082791196 0.004154195884189359 0.9985406059468698 0.59266237946534
0.997481106766287 0.002860414271855034 -0.07092491523800923 -0.1320617371774867 -0.0031466956413433063 0.9999908888806299 -0.0039250019426617 -0.009310842606542913 0.07091280817250444 0.004138280189248278 0.9974774858720427 0.7240027682750857
0.9960657344513344 0.0018245014401879866 -0.08859471828985524 -0.16774984315447827 -0.0021704025624001105 0.9999900448363643 -0.003808122817503203 -0.011443656911663602 0.088586941131751 0.003985428664482442 0.9960601259519326 0.8608871818264179
0.9941871343110711 0.0009502800771372316 -0.10762497306891608 -0.2099177274478573 -0.0013626389692610187 0.9999880598531609 -0.0037579440503598786 -0.016281884206509084 0.10762056859968258 0.0038827693437948297 0.9941804861788834 1.0106077808054605
0.9914047395591502 0.0011451319830756356 -0.13094563911715335 -0.26354458545933257 -0.0016581542088093947 1.0000070881302974 -0.0038089156955142096 -0.026071488441518853 0.13094017988708445 0.003993242765920263 0.9913980841824799 1.1818819740916504
0.9880893265092301 0.004374843991930918 -0.1539434035028239 -0.32301627628409013 -0.005151828380012541 0.9999950408346712 -0.00464873960666544 -0.03354247646871053 0.15391939807327162 0.005386357540397289 0.9880880759827005 1.3483138409847528
0.9839688126837857 0.008575136168445038 -0.1782499430834695 -0.39774141990546386 -0.0097631623261716 0.9999561869694819 -0.005788975066643327 -0.040956595319741634 0.1781888647974348 0.00743630157299255 0.9839891490144014 1.5215250581325839
0.9783304580622694 0.012476843731969008 -0.20679116326004524 -0.491496188977674 -0.01406867101464215 0.9999060069545472 -0.006229160454846868 -0.04957341074510299 0.20668901879879112 0.009003235661741646 0.9783901853246905 1.7187256606193653
0.9719994540340076 0.013880816530248946 -0.23475810753011475 -0.5749183530697627 -0.01581806887086587 0.9998980907455103 -0.006371447489095267 -0.0664821155557688 0.23463559424829125 0.009906033443262536 0.9720776824884796 1.9057969494217908
0.9636507973903397 0.01631542720650575 -0.2671204353575122 -0.6558377680110223 -0.018406809840197432 0.9999375954598146 -0.005328398236145837 -0.06369776919334072 0.26698454041233344 0.01005033316829007 0.963774175377533 2.096920489373501
0.9546774398743714 0.018574498120870423 -0.29763837595990306 -0.7264083490608358 -0.02068250821864832 0.9999496945211273 -0.0039361725646955064 -0.06107181776501924 0.2974993992141426 0.009911986120665217 0.9548500056309659 2.2673752670423406
0.9440628734792845 0.020954121043644042 -0.3297145016390575 -0.8009149741718702 -0.023069791508468964 0.9999334795847763 -0.0025070229984647044 -0.05552634658901012 0.32957330948170205 0.009971211663034036 0.9442920627003079 2.4389901198198536
0.9310049688679516 0.023867444391576353 -0.36495363288881816 -0.8979459418836779 -0.026256247145367822 0.999919589498135 -0.0015869583046039142 -0.05391080619670177 0.36478964418190873 0.011056843972117947 0.9313095023460485 2.625646052827129
0.9177712127874466 0.026901336637705567 -0.3968676257384258 -0.9939218484963535 -0.02963074636911491 0.9998265296265043 -0.0007497974309853619 -0.055187001105644784 0.39667328011531794 0.012444319927563494 0.918165082891979 2.789167106855041
0.9025793332308919 0.028199384472691092 -0.4301920347024305 -1.1058007999427988 -0.03106966520867325 0.9997721966179851 0.00034898072933224085 -0.0603220761491505 0.4299943715390524 0.013047614613232658 0.9030196769854398 2.9585008446356387
0.8833990941387798 0.024309003626645603 -0.46865402295715286 -1.2398227637624657 -0.027598549622062884 0.99992991292342 -0.0001562522452334794 -0.05970049304650715 0.4684719303915191 0.01306814469500073 0.883733479914171 3.147369593186776
0.8633587297061357 0.020321872907405173 -0.5046631502779514 -1.365415505893245 -0.023535718689129067 0.9999661510018911 2.8178948231154266e-06 -0.05975445832047513 0.5045236065160784 0.011872291660244505 0.8635978667266782 3.326441768858407
0.8375260169150873 0.022149354258969047 -0.5466292521704684 -1.51938790567627 -0.024156718164602523 1.0000740790242713 0.0035108262727568335 -0.0580864989667465 0.5465443566704931 0.010260544297119135 0.8378114929829066 3.507039148014692
0.8103504207142036 0.02790129788002243 -0.5860297535552025 -1.6815609778266092 -0.02867314655166353 0.9999958517707003 0.00796186754128975 -0.061401551969303386 0.5859926406651336 0.010346877043030944 0.8107915245456245 3.6615826766036834
0.7798711373630582 0.03151367120037629 -0.6258938784910643 -1.8652198659976758 -0.031854919392123794 0.9999035532720637 0.010653411880095498 -0.06589908134067538 0.6258767581719571 0.011624075712759138 0.7804348839399715 3.8144030373058486
0.7425801301651214 0.031820450795746275 -0.6697993937628397 -2.071761294028571 -0.031648590714947036 0.9999566461119341 0.012417840714817932 -0.07821834227766108 0.6698077018477387 0.011970567711255067 0.7431578492783038 3.9750284100251916
0.705114504325318 0.028837219938265286 -0.70908169918747 -2.271284174525037 -0.026848587220016203 0.9999495383021116 0.013967983453250687 -0.07967250493442038 0.7091599559616079 0.009185071260968264 0.7055656920281935 4.124232519124716
0.6648508050788929 0.025852593791844982 -0.7471098099004871 -2.4958088092418147 -0.02194894922807688 1.0000795850084208 0.015073927504168033 -0.08087947917736044 0.7472348652845122 0.0063735953177380825 0.6651824765809866 4.265757628311816
0.6185578993512773 0.02581999439153407 -0.7861242883923693 -2.7472589696454457 -0.018608987223566173 1.0002970178129162 0.018212045344301576 -0.08021494220552636 0.7863282263805933 0.0033616331673088245 0.6188286266453394 4.400557432628303
0.5731567542124641 0.02688039324090695 -0.8196825093613476 -3.0026099869262644 -0.01611854733016739 1.0001937246362307 0.02152925003263372 -0.07161843983103228 0.8199649357212172 0.000871969897268704 0.5733826929725873 4.513841359470144
0.5250241822918243 0.02789226999230574 -0.8512822689983571 -3.2581266275962415 -0.014211160468747971 1.0001658947133336 0.024005782734859933 -0.07315925972490961 0.8516207377079694 -0.0005056295658148845 0.5252162353326131 4.617253029384967
0.4700873012714043 0.030050553789552754 -0.8827858193438811 -3.5460786365031858 -0.012676302120344833 1.0001451781712594 0.027295352685643835 -0.07873348064485802 0.8832063941759114 -0.0016397615770816065 0.47025532537799275 4.717403126956571
0.41840276139911353 0.03234771672868336 -0.9082509405166447 -3.8182161429212464 -0.011199968877845006 0.9999871229262959 0.03045546451638939 -0.08206167112207846 0.9087580061308611 -0.0025689524742935174 0.41854475377249184 4.797007640727865
0.36055657638954874 0.03503540431510917 -0.9326170650173835 -4.137883276775327 -0.010426184926675717 0.9998851210807215 0.03353160982238786 -0.08358540233263392 0.9332169060141181 -0.0023652218667028838 0.3606995372381158 4.8699117424175284
0.3083365041446678 0.038355263247534355 -0.9510959051702714 -4.430604720433477 -0.007762922043776776 0.9998183869826727 0.03780344964080655 -0.08391721113742837 0.9518375548605975 -0.00427050031074108 0.30840464632055387 4.909392327586296
0.256817181496122 0.04073122218072842 -0.9661064107026757 -4.71868344894422 -0.003366094512755414 0.9996314543850409 0.041249845680634674 -0.08841606602403401 0.9669590268802041 -0.007338088543196076 0.2567343920195373 4.935436526766708
0.20304839264582283 0.04180543007707007 -0.9786171629135378 -5.070228800041482 -0.0003470573534974184 0.99942550936652 0.04262233028639433 -0.08937473136844512 0.9795098764638229 -0.008311988232737488 0.2028784890291788 4.965301233041525
0.15736248187081475 0.04318242973179491 -0.986939364783238 -5.39662922525225 -0.0013054545024254254 0.999390619241897 0.043519072402360685 -0.07814365414608773 0.9878829935383538 -0.0055579881931271495 0.15726971694857675 4.968005264019316
0.11238382830056752 0.04351727093071224 -0.9930124161699172 -5.773020847550995 -0.002684460142584676 0.9993493346541111 0.043491164051191314 -0.06991661334790819 0.9939621181429746 -0.002221342343343462 0.11239393643491724 4.960107749952837
0.07526411245145434 0.04247340917734692 -0.996298916374163 -6.128489978411953 -0.0036041601232916073 0.9991377773096896 0.04232216176422275 -0.0628210438953195 0.9971975840147002 0.00040545976468767255 0.07534926846152616 4.964579792183751
0.04155360243341816 0.04029243372533475 -0.998548319329603 -6.544564715976071 -0.0027829669436854956 0.9994120606272806 0.040211476532768964 -0.042328232819822814 0.9993572803254174 0.001107741596364083 0.04163195545635024 4.929736404174807
0.00824174151673257 0.03782728174425349 -0.9995424565200419 -7.031907296416689 -0.0019127074356142157 0.999575277874894 0.03781275325084306 -0.018671155967411812 1.0002563973531446 0.001599717125900951 0.008308167615660915 4.865353509327472
-0.017900378732481518 0.036184839250453876 -0.9993969204240147 -7.479029068968297 -0.002252432604704188 0.9995531353235323 0.03623083982077826 0.001077910369847529 1.00004948215282 0.0028990001245143113 -0.017807098638186244 4.797344852843971
-0.0404174882121391 0.03370764164198669 -0.9988140371056518 -7.991564919302769 -0.0024016520210194086 0.9996244902388043 0.033832177625761316 0.012341456955540758 0.9993800129532021 0.0037654582893427474 -0.04031330462441894 4.716527037487551
-0.05689589606566875 0.03230791627633197 -0.9978897466393902 -8.454808448470303 -0.0019571308786305777 0.9995033227298766 0.03247174722907273 0.01708251548966558 0.9984109419351519 0.0038003811276280768 -0.05680255589348565 4.667284903433235
-0.07020320908898986 0.03223988769527176 -0.9970525732013982 -8.948866220561422 -0.0012253148243655907 0.9995150542412576 0.03240578906230287 0.021175842421652658 0.9975731718985664 0.0034965451667864976 -0.07012678537287706 4.609453180785105
-0.08093691102345607 0.034097552730589745 -0.996187521152341 -9.467880464515675 -0.0022556950216133793 0.9994575028322605 0.03439274650924519 0.005592184575677561 0.9967685900295253 0.00503047313020116 -0.08081191702025525 4.541731938914932
-0.08805142499686894 0.03595610422045552 -0.995480555213378 -9.970639384810408 -0.004131726753522658 0.9993403832753202 0.03646097550400916 0.0043495506725862165 0.9961213757831011 0.007323388302164671 -0.0878435679505317 4.490718077059789
-0.0930348996910407 0.03718919540100921 -0.9950320563015572 -10.51180408868635 -0.0041917571141358275 0.9993425438988263 0.03774222668503415 -0.0023506232083869705 0.995718206783925 0.0076817821841435475 -0.09281192509503261 4.413197852976084
-0.09494629256225304 0.037565567603469616 -0.9948080108833041 -11.045227991511 -0.002222681669901258 0.9993118728602202 0.0379477781402245 0.01050839611906193 0.9955147907870023 0.005813936177759063 -0.09479418114433766 4.359922715907829
-0.09437069656393632 0.03958333070183805 -0.9948246015694254 -11.649532413305748 -0.00022799946761317786 0.9992828496438935 0.039782349887965945 0.027849682136451726 0.9956120050762651 0.003980805922236382 -0.09428697368878741 4.321950748910715
-0.09312692054210936 0.042042380747604184 -0.9948145776001057 -12.226317532212923 -0.0006851255217821637 0.9991534266252763 0.04228988344212459 0.041851156686259355 0.9957025785654547 0.004619671452564098 -0.09301479037560682 4.260319113526499
-0.09148304394301841 0.04241002984833892 -0.9949452013739738 -12.82513063049483 -0.0026914584447176953 0.9991205303754148 0.04283547907638364 0.04816040017956455 0.9958452738040223 0.006596291831305491 -0.09128461019893336 4.1960240526071395
-0.08971719438590717 0.0400116632322331 -0.9952332682774131 -13.48011077097435 -0.004502125153296173 0.9992360742988762 0.040578442143559025 0.06519965620751561 0.9960273146293481 0.008120677092556 -0.08946227435890002 4.128953481319931
-0.08840506991050723 0.03970793586457189 -0.9953253324520069 -14.110968678319164 -0.004871259357524326 0.9992084272161852 0.04029551660383302 0.07700714076676396 0.9961054149250231 0.008410537990770246 -0.08813880094877696 4.031712969849996
-0.08671279176775204 0.04204973847907727 -0.9953984076098968 -14.816217236803508 -0.004845495505469651 0.9991320055594358 0.042629569916559466 0.09108344226631623 0.9962746513582179 0.008519273339522055 -0.08642921320795055 3.947201714747313
-0.08504099782411179 0.045050962092054184 -0.995377666526561 -15.503432486517408 -0.0056163730708247515 0.9989590183255745 0.04569289430456951 0.10961476815149576 0.9963810686991416 0.009475994621917533 -0.08469781761529223 3.838973317915355
-0.08315991600080762 0.047932413750619546 -0.9954295574009341 -16.242795545907917 -0.006774730857486067 0.9988390235825284 0.048662560160143996 0.11795646008410121 0.9965601400579313 0.010790033779170984 -0.08273477862757443 3.7458731895203545
-0.08157924939835944 0.04718882509715967 -0.9955533695641686 -16.89216282522835 -0.007943308432810353 0.9988203741612355 0.04799458264014975 0.14169857774530417 0.996639699444083 0.011823293670031343 -0.08110782708067768 3.6021959795528105
-0.08005093601060487 0.04451629851754488 -0.9958221371452973 -17.591206050643013 -0.00997927537297659 0.9989423472366593 0.0454579829406691 0.16183652453525077 0.9967669405021684 0.013576181509333549 -0.07951996839978903 3.499533511214595
-0.07848485365075344 0.04392608738203766 -0.9959914626671682 -18.37003918469626 -0.011096689486270477 0.9989727681060568 0.04493199845432697 0.18181626796785597 0.9968981133711382 0.014578039453963324 -0.07791334488577083 3.39763659102523
-0.07709637898985257 0.045665261206633376 -0.9960267245353793 -19.096234749994935 -0.009299392280262692 0.9989235491387796 0.04651788217604721 0.18291348494618315 0.9970298709527761 0.012848165624904715 -0.07658495144119067 3.316641482902435
-0.07581335832529289 0.048231535179026445 -0.9960215075050748 -19.89853206731195 -0.006724812001672627 0.9988486012207652 0.0488803012495546 0.19329785561777538 0.9971661805295319 0.010403140772480038 -0.0753967034138352 3.23938237650699
-0.07466565015887348 0.05025465184236687 -0.9959755258736189 -20.654330479709014 -0.005803014191205965 0.998724577575527 0.05082839843081157 0.21588169309695693 0.9972259490857972 0.009574465552901649 -0.07427626629563784 3.1389915893726457
-0.0741438261188163 0.04676995739558006 -0.9961852182411103 -21.4292924992602 -0.00562128055134811 0.9988991895779105 0.047315754562561076 0.2442624252958762 0.9972669199043083 0.00910768446436214 -0.07379671856313283 3.0251433706437383
-0.07382720252275887 0.039887777293999 -0.9965354311970042 -22.275570805176386 -0.004547654332113819 0.9992382999159888 0.04033287168080752 0.24808878224339728 0.9973232723949749 0.007509089189417809 -0.07358498775959955 2.9640738525615515
-0.07394153246503297 0.03496121206754887 -0.9967112783158713 -23.054922869417727 -0.0017407880046855677 0.9994409248724548 0.03518610086645303 0.2619325503351504 0.9973229761200718 0.004336504898383896 -0.07383478294699852 2.8854217134797
-0.07452495858543066 0.03509074422128811 -0.9966850666407242 -23.901709387478377 -0.00022744599082753582 0.9994634626853667 0.035205572186812875 0.27496939779333773 0.9973028231161636 0.002850142993427209 -0.07447078464368008 2.8010864883407223
-0.07448858923009628 0.04212325937808378 -0.9963906349574503 -24.692480970706804 -0.0008465591220552913 0.9991632183953684 0.04230376023460013 0.2859113567071356 0.9972805222583105 0.003994411248829066 -0.07438622961749235 2.728577076432594
-0.07485365428230192 0.048462099300522726 -0.9960795679096008 -25.49593060106231 -0.001578513324065889 0.9988746598530498 0.048716710380044145 0.29551931346288707 0.9972567770045563 0.0052186138456623305 -0.07468819997314521 2.6475062072245192
-0.07526141384073809 0.05450364103168826 -0.9957665384195284 -26.354366452507133 -0.0033718636244997337 0.9985787044579214 0.05491241472819117 0.30677224174787315 0.997251606554008 0.007489673018858787 -0.07496368813414572 2.5716168442400074
-0.0756957730789718 0.05559339532290872 -0.9956627443222928 -27.158876532536965 -0.004652204041743816 0.9984966561421813 0.0561053131103785 0.3341445584784224 0.997202974983569 0.008878224160417687 -0.07531712985382781 2.4532032604660805
-0.07617434570796394 0.05273536390943299 -0.9957790949452545 -28.015173144673508 -0.004854297380483821 0.9986489617536192 0.053258688037161994 0.32523694777083534 0.9971629508695756 0.00889003866213122 -0.07580938072487445 2.421686665895299
-0.07668874474472426 0.049951827952560375 -0.9958818585533377 -28.817558053588098 -0.004892464309503197 0.9987920974903516 0.05047454843556183 0.3480845110454195 0.9971220664103431 0.00874245413936025 -0.07634572101992936 2.3305979626585454
-0.07683217789948085 0.05065553516794845 -0.9958329290520179 -29.619674935636738 -0.006221018904820342 0.9987411787037729 0.05128344412151813 0.3550879522731266 0.9971012962417694 0.01013453629164659 -0.07641449889864271 2.3008856746412363
-0.0767556495645158 0.05298993653049642 -0.9957362141892914 -30.485511444150358 -0.007430453171408685 0.9986238310748223 0.053716376559747175 0.3666037098958843 0.9971177564529686 0.011520706703905951 -0.07624902956666675 2.2860229703581783
-0.07672534459191144 0.052132727433520605 -0.9957784091939067 -31.27635983398018 -0.00824699771084062 0.9986546344754084 0.0529187437139314 0.38740027502702384 0.99710828838557 0.012271285666742118 -0.07618534525609354 2.3118526408821265
-0.07643711755931254 0.04740334476022684 -0.9960623825925583 -32.14338507834485 -0.00877838735124536 0.9989137609696985 0.04821269051391564 0.40114831828415504 0.997151331210477 0.012427625804168735 -0.07592922326682933 2.322614762012026
-0.07622051489343824 0.04331498722498761 -0.996214411019086 -32.96375408996769 -0.00975684936564891 0.9990403893658979 0.044184357410997396 0.42711196006187285 0.9971081360689629 0.013086819205401308 -0.07571986500379102 2.285900039128814
-0.07581199282414679 0.04327343208007817 -0.9962711222183555 -33.76968108480351 -0.009808368302480296 0.9990654606678742 0.044141180183673336 0.42882982073944653 0.9971624868294298 0.013117063646938001 -0.07531005762140038 2.304205775310305
-0.07525895163066616 0.04597233793816097 -0.9961927438816593 -34.651878264526886 -0.009151194200680314 0.998951676609915 0.046790998177566656 0.4428916779524756 0.9972112037264192 0.012636668497183421 -0.07475271611324137 2.2183955736128995
-0.07483536463530552 0.05035360331371822 -0.9959725862029363 -35.48962525987556 -0.00853495226634208 0.9987041732574551 0.05113300282765327 0.4736004450147563 0.9972083647775036 0.012326530550372014 -0.07430500429879355 2.1085612251067976
-0.0743494424464773 0.05513636003750051 -0.995786939270629 -36.398667410040396 -0.007858831256223013 0.9984869651980631 0.05587262981266992 0.4999375723299727 0.9972814927598166 0.011978859480347891 -0.07379774768778861 2.0262107274800893
-0.07446622270934768 0.05933525759407062 -0.9955327689994619 -37.21921732995094 -0.008116105792253454 0.9982351125708169 0.06010340710672236 0.521954472067653 0.9972666574991078 0.012554566990535983 -0.07384762799621368 1.9462484885123956
-0.07435751223008535 0.05866140890153705 -0.9955732905495296 -38.04879348583627 -0.0076613907205266155 0.9982737242917742 0.05939273758687317 0.5346287625649815 0.9972708414610054 0.012042945292510904 -0.07377468279474422 1.8721090934838038
-0.07430332621897937 0.05490393003118497 -0.9958145221543065 -38.93668036135014 -0.007805658646731461 0.9985119149014507 0.05563507260539569 0.5505438117595649 0.9972966289844601 0.011905770154939712 -0.07375747453068004 1.8276181090504422
-0.07410914101604599 0.05101263464428185 -0.9960306739658975 -39.72317086811586 -0.008491290949275174 0.9987083509755973 0.051781563371767286 0.5548468891433999 0.9973002460638462 0.012294013185883596 -0.07357393461275012 1.7698763777541409
-0.07409983714191679 0.047934377470228454 -0.996218210742155 -40.548265704310786 -0.012519073146389607 0.9988405987099389 0.04899173924331538 0.5694750751336779 0.9972924301732593 0.016100077224859982 -0.0734050429946215 1.698749615119678
-0.07454990424857877 0.04576084247317501 -0.9962663563391185 -41.322981607610885 -0.015177259579817694 0.9988782404641419 0.04701651540898754 0.5849101648047283 0.9972015085984439 0.018623816688603762 -0.07376442652467306 1.6208662662079552
-0.07528828074973942 0.04416662775867145 -0.9962663457967271 -42.11570550272993 -0.014041527608316454 0.9989556451077185 0.045346974152409354 0.5705493522715175 0.9971462524028902 0.017401750122429952 -0.07458329944629231 1.5729280087844015
-0.07666602506723845 0.04048262981976343 -0.9963488284828552 -42.93905119055511 -0.010562540971220662 0.9992003291044331 0.041411244742931674 0.5647894473564679 0.997115216195328 0.013697247053391197 -0.07616844410690533 1.5042986627696733
-0.077542802909857 0.038575778609134526 -0.9963581687908134 -43.669653394174446 -0.006657980968162005 0.9993243543846981 0.039208785745570254 0.5527631003095117 0.9970826709482321 0.009672972031561937 -0.07722466205637442 1.438332330682233
-0.07951546949671812 0.04204332805856875 -0.9960819766751794 -44.45542656002856 -0.005707738062937066 0.9992096486730857 0.04263098173701296 0.5417989362242077 0.9969527859850789 0.009073968475799495 -0.0792019639335765 1.3666416671763928
-0.08116931844045001 0.04816611870834415 -0.9956598114137124 -45.1836164853956 -0.003914490474434773 0.998932240264924 0.04864354691802288 0.5331250098018241 0.9968167342729392 0.007844890310398334 -0.08088410867844928 1.2905534646794323
-0.08297611827219963 0.05231273241344355 -0.9952982847616498 -45.92849615568137 -0.0020691832980878015 0.9987305084983205 0.05266563237203126 0.5311544221637856 0.9966702091647452 0.006428666143302479 -0.0827525820777917 1.2128085554995551
-0.08491969912232845 0.051366633312854404 -0.9952025661474789 -46.72007122715413 -0.0016222009540762256 0.9988011361953185 0.05169079072054524 0.531716466200178 0.9965262348465157 0.006003144742276697 -0.08472277707904717 1.132421801484841
-0.08615012748385054 0.04850262548601456 -0.995243616548608 -47.44453185471603 -0.004696289666667111 0.9989257757339155 0.049088592207990604 0.5254431384968437 0.9964139678586995 0.008901670172211008 -0.08581759553973711 1.0597870625427916
-0.08766010552196131 0.044766651850511055 -0.9952627384939507 -48.17995474252631 -0.0087046854175534 0.9990355207771693 0.04570303585314241 0.5281495994109432 0.9962312430396795 0.012668279745209883 -0.08717557069243269 1.0071955779339086
-0.08912843565980004 0.042963760709289624 -0.9952424904108769 -48.99471852179931 -0.01272827572187135 0.9990874907391304 0.04426962007097367 0.531997372111559 0.9960883393494241 0.016610927302866185 -0.08848708314315992 0.9028489379643126
-0.0903301241833306 0.044123855178644755 -0.9950939117089098 -49.700505631741066 -0.014921811093898603 0.9990054223079351 0.04565183109893985 0.5234205076590411 0.9959601581019675 0.018969313986360807 -0.08956760924527664 0.8039618683453348
-0.09157651518948755 0.045503380237635616 -0.9949414843201718 -50.46100780579981 -0.014745561148443248 0.9989669578068869 0.047044696164290536 0.5072169345477664 0.9958725683678706 0.01897568767705229 -0.09079434290413366 0.7098186768005234
-0.09265981851075362 0.04537965651658184 -0.9948248368294685 -51.15394714703447 -0.016406045197210197 0.9989168207304426 0.04709440398046303 0.5082239715769789 0.9957244096321436 0.02068156883166684 -0.09180017807618547 0.6186224914609005
-0.0933235992277401 0.04534875510018301 -0.9947469902218785 -51.87928664392345 -0.017372621543865492 0.9988799170966018 0.047167004390067706 0.5093387246210116 0.9956288290078936 0.02168003674782212 -0.09241795196772915 0.522712673483054
-0.09402819046155417 0.046892742650687144 -0.9946303982355541 -52.66629420971242 -0.015901689822701046 0.9988572155156757 0.04859529807412912 0.5001487818807664 0.9956084489398841 0.020382264774303632 -0.09315968723786174 0.4462564164446374
-0.09446863110677335 0.04932243971223633 -0.9944590892241025 -53.37054283521796 -0.014900334715856781 0.9987433047726963 0.05095038112619178 0.47770862093218336 0.9955702145482567 0.0196279782412251 -0.0936006646450591 0.38078012883540646
-0.09473808520634686 0.05337394122683061 -0.994247082565309 -54.149136801166655 -0.015235459332840866 0.9985430756377465 0.05505629044715057 0.47786644044911725 0.995562357883444 0.020360156244794855 -0.09377039916033354 0.3049325631465488
-0.09531699698772185 0.05571162689678877 -0.9940254722633232 -54.87167270443287 -0.015111999678815675 0.9983748556793515 0.057404480764740515 0.4759747709479013 0.9954710147018611 0.02049050445885036 -0.0943071650978486 0.2219024063637901
-0.09603342324528166 0.056134527575165336 -0.9938827091798135 -55.60434228746126 -0.014622891707959825 0.9983096758180737 0.05779749060474444 0.48261041051257564 0.9953595252348585 0.02008215361169935 -0.09504185480928914 0.21975772469481125
-0.09675009506900159 0.05392659859815133 -0.9939496270594097 -56.31544522176074 -0.014190014155698004 0.9984574791092646 0.05555241215426745 0.45749906286402575 0.9953105401126208 0.019476862938367995 -0.09582582599588932 0.4757644383506219
-0.0971359926460224 0.05060075731695754 -0.994146690189536 -56.948280070923396 -0.01397547332992672 0.9987010415378693 0.05219808086279517 0.46894522814143713 0.9953357488910045 0.01896091057794936 -0.09628706306151331 0.4589924288284891
-0.09719886617829825 0.04776602830701122 -0.9943194621986061 -57.649435848598166 -0.014565392822737246 0.9988730098651578 0.04940860269067817 0.49128413098395723 0.9953597964341871 0.0192812480465517 -0.09637428828096167 0.4510204382656581
-0.09622433195230641 0.04529269890600326 -0.9945728437693058 -58.27206914714153 -0.015077787204172082 0.9990264723711317 0.04695428283923652 0.48209705936554775 0.9954896881779844 0.019509359105737152 -0.09542455838156744 0.4632581337003573
-0.09432168161241605 0.04433063046945048 -0.9947108250010798 -58.9170174708533 -0.016985354076318866 0.9989470320018805 0.046130028154925895 0.4782498583385708 0.9955535228316621 0.021243264073564694 -0.09345483024710144 0.38638713163812455
-0.09042828210127271 0.04534167918514775 -0.9950418497506726 -59.61443281010067 -0.017750155826487528 0.9989020469995684 0.047130692662347144 0.47020573752238404 0.9959164482386831 0.02192034781622288 -0.08950888377228486 0.3042053197257111
-0.08509488211351407 0.04620825613070369 -0.9954457109246619 -60.236095051515036 -0.017398872535332937 0.9988473723817267 0.04785348813487161 0.46068207931306404 0.9963659645322149 0.02138862897103357 -0.08418067460170967 0.24218316366952397
-0.07756569553553402 0.04772997606948857 -0.9960411887078225 -60.89719965743085 -0.016974284207826856 0.9988420741785353 0.04918604790254063 0.4605535885633018 0.9970399010351898 0.02071816345623594 -0.07665064164613622 0.2166103459323021
-0.06934537975002199 0.04902712627070878 -0.9965655234490521 -61.48754563270166 -0.018082909852509654 0.9987437738841768 0.05039257451380944 0.46100472420553185 0.9976071375818852 0.021511469960121526 -0.06835956183469923 0.21214072809173157
-0.05828829687984001 0.05046101691931665 -0.9972595644939405 -62.09198439207705 -0.020251146446467725 0.9986921208355776 0.05171715125281954 0.4772338304146445 0.9983302739974994 0.02320469038848641 -0.05717671320828416 0.2269639351174707
-0.0430240900554876 0.05184849673720408 -0.9979740256105492 -62.72399877830417 -0.02362343364894385 0.998566725346989 0.05289772856036762 0.4610332882890208 0.9990409642690085 0.02584509353194155 -0.041727326410704646 0.24442622187395024
-0.02580779510172127 0.05293672238102977 -0.9985054704685956 -63.26176244003247 -0.02547572728625299 0.9984790706656674 0.05359377794894963 0.45331421158256957 0.9995833889852757 0.026814329722195676 -0.024414061086654514 0.28409416245452346
-0.002912382189852796 0.05375011204384376 -0.9986705257797006 -63.85531488961599 -0.026675719860466962 0.9983154023420305 0.05380879082455786 0.45294355734296715 0.9997603677225222 0.026793741347014264 -0.0014734752734562337 0.31582391566358226
0.020976228883545188 0.05430350032933262 -0.9983110654776801 -64.36525243194642 -0.026506068114547483 0.9982101123381981 0.05374106985716702 0.44105670670574404 0.9994357282601904 0.025333835239103597 0.022377898800246245 0.34365790322733814
0.05133695314924505 0.05357997315408865 -0.997150648642326 -64.91112935747638 -0.025039909535517553 0.9982227222400087 0.05234843223027247 0.43114734290796614 0.9982753749958407 0.022283201195669403 0.05259219111673621 0.382385466443414
0.08324117971070863 0.053464602003692935 -0.9949540725968457 -65.37646111754611 -0.024069580569818054 0.9982367909621787 0.051627259194778376 0.42074960221231783 0.9960989986689235 0.01965334848917495 0.08439303553970835 0.4403101514671174
0.11844096374372892 0.053162218854808936 -0.9913707020718752 -65.8266018933529 -0.023307952620195492 0.9982745098615422 0.05074778893699418 0.405905541326169 0.9925216954149897 0.017099018115234205 0.11949538077692383 0.5275688156829457
0.16068333584447048 0.05270280844140196 -0.9852783838003392 -66.31040816156717 -0.022725745140712458 0.9981909475384059 0.04968729483633647 0.39604382322765896 0.9864254154420238 0.014411799541886214 0.16164125062481474 0.6288727253064672
0.20287625177424157 0.05314950498982003 -0.9773620154848298 -66.73656381026251 -0.021508668326641524 0.9981364016692331 0.04981455874435068 0.386939926780855 0.9785699918017876 0.010919818942701089 0.2037207744072589 0.7396798823614404
0.25277642000616185 0.05124322697615081 -0.9656411146979449 -67.20209672685054 -0.01773124677961425 0.9981657271084647 0.04832767702112299 0.37043636520957024 0.966837470686471 0.004908412529342473 0.2533500014503009 0.8936417292112996
0.30001270297014465 0.04634037305736468 -0.9522335674495329 -67.57095311108942 -0.010656823136107132 0.9983711210878988 0.045228092790104236 0.34360564866190435 0.953301147302584 -0.0034230980407133483 0.3001823986809199 1.0668141179984123
0.3533204543942533 0.040228453814361055 -0.9338090642789123 -67.94875294482179 -0.00465360016422637 0.9983637335590996 0.04124870830831228 0.3068482566283528 0.934663828211621 -0.01023636251150987 0.3532027983202145 1.2709597347087276
0.40268770120346775 0.03442459539342325 -0.9137056861002579 -68.29780294003002 0.0014840865809905381 0.9983656945170905 0.0382682952888387 0.30367375451375966 0.9143529642424437 -0.01678129916404895 0.4023406214676221 1.4712232820182642
0.4562516209466278 0.03205058799152535 -0.8879555260268944 -68.66392887640247 0.002893027664355043 0.9981194145375187 0.03751343639988386 0.30508798159110373 0.8885292769352917 -0.0197075423200242 0.4558349750985693 1.711950879952722
0.5024494100700481 0.029188831341797616 -0.8626884991796234 -68.98489436915487 0.005623605120181536 0.9980656798478255 0.03704459744538097 0.2976671541967811 0.8631640497744499 -0.023493386997232208 0.5019313657779587 1.9472756526106842
0.5460392755412179 0.02443987876397246 -0.8358442250682816 -69.29568094750165 0.013505212133852714 0.9978805113323349 0.03800044745702378 0.27741390872039756 0.8360925965884387 -0.03207985684736641 0.5452633901295106 2.2094582049844407
0.5920763857105137 0.01631749337345642 -0.8037612097736395 -69.60847127499952 0.025678450639608805 0.9973263500827876 0.03916271200649088 0.2415316951581366 0.80351681899077 -0.043895792260632296 0.5910050672208953 2.5150675157397124
0.6328825250593906 0.009767214571291783 -0.7719953331371239 -69.85344269725056 0.03013233274406204 0.9971519499887834 0.037318388743089195 0.2214229518644478 0.7714690718681175 -0.04695978617880483 0.6318568090975774 2.780550236915466
0.6767151237061609 0.0025397229069432097 -0.7338196467301882 -70.13207576761408 0.029367302613203902 0.9973196439627124 0.030533676717388075 0.2576401628448405 0.7332363539265904 -0.04228822537247501 0.6760306973728882 3.103696739114901
0.7157307732693055 -0.00555760495425703 -0.6960631516047584 -70.38227787143717 0.028087810704881394 0.99778710398178 0.020914773412493055 0.2492634915508979 0.6955185916436801 -0.03457551308519536 0.7154467132160726 3.42068442228519
0.7571826264913578 -0.010981818299779948 -0.6505449369863686 -70.66880930028839 0.025352245068059512 0.9979237871654206 0.012662094683494092 0.25713448287610585 0.650143666678094 -0.026124026740258204 0.7571563920556742 3.8069538930001277
0.7934027739063645 -0.013349779997202384 -0.6066987638306225 -70.93186141806655 0.024640050539267957 0.9985176196415801 0.010251370244945613 0.19409324431463362 0.606345327116573 -0.02310857325981225 0.7934488566753439 4.228252484443855
0.8274199492574252 -0.016689461805170527 -0.5603888557431783 -71.0804202949055 0.0257845014744877 0.9991016280387756 0.008315907530746907 0.04763515598694043 0.5600442141453478 -0.021341433123917314 0.8275464680142658 4.768237410964798
0.8601426184782678 -0.01757155415662807 -0.5069266064081271 -71.07316375491739 0.024460936069908155 0.9982398229260805 0.006902908257733583 0.186406833791719 0.5066410295958543 -0.018363770351472065 0.8602943879602388 5.275640753190427
0.8859238825782048 -0.01694945649395466 -0.4600345455153778 -71.12179558991187 0.02413369491401106 0.9980499190902015 0.009704079910968664 0.24996817334356902 0.45971375447225554 -0.019731202813107692 0.8860328667882698 5.686712834690436
0.9092497086881901 -0.013779861747828933 -0.4128490154604984 -71.32810321805347 0.020326171177624745 0.998411342636043 0.01144145648755597 0.13947979295469667 0.4125786286214782 -0.018819554269227642 0.909282140347307 6.190801025410537
0.9265389924879442 -0.011352206067981804 -0.37156294106820653 -71.37161488653665 0.016992956571519953 0.9981145009662137 0.011879103543977415 0.14777006220517117 0.37134781422087015 -0.017349384513314848 0.9265323871202369 6.618150050353007
0.9404436572203114 -0.00852379553202279 -0.3351242520996122 -71.47295674467115 0.014172305460260872 0.9982021445746139 0.014382078115841817 0.14478081121171119 0.3349330089205671 -0.018304190477796016 0.9403723111411275 7.067072800439032
0.951722273356691 -0.00867281420595908 -0.30216388932573524 -71.65501704183416 0.014901225679928274 0.998297205232325 0.018280745665956916 0.11283471881596782 0.30192090374126185 -0.021932044459027553 0.9515862114358788 7.595718096421627
0.9593502094725491 -0.01109708392717881 -0.27776035847767166 -71.8520605893165 0.017576164231482973 0.9984410702145048 0.020816184935111323 0.044147013467626506 0.27742580704466924 -0.024881517987532235 0.959188540493666 8.138007651478395
0.9657180086538357 -0.012560548398438537 -0.25483626474352683 -72.06438054313486 0.019533304333269583 0.9983552682392542 0.024815040217350336 0.07308060014474996 0.2543968772667071 -0.02897531639586158 0.9654808405093649 8.75959012632842
0.9702382022116024 -0.011763540851345462 -0.2365509785406143 -72.23896114206613 0.01919716484529007 0.9981189297239197 0.02910327355260748 0.12666782556020859 0.23606406485507403 -0.0328199781599008 0.9698729552368549 9.338144938958845
0.9739592577601326 -0.009362743415739418 -0.2209271718667103 -72.42832509182581 0.01686607090622297 0.9980887137174359 0.03205588263738205 0.16069996306391043 0.2204813730938495 -0.034991187928611396 0.9734766134672391 9.96010676651134
0.9771125677636532 -0.007013575533566895 -0.2056844575949298 -72.62909021158424 0.01479072746053103 0.9977835960679341 0.03624081966798861 0.19415220550184872 0.20527187220086252 -0.038509384488305605 0.976465443863455 10.650534028586325
0.9802218919804518 -0.00885845493354008 -0.19204948970797775 -72.79252433670602 0.01660725684649006 0.9980083515457426 0.038729510231626525 0.03998908196664144 0.19153510348490235 -0.04119835022519322 0.9794965311126302 11.292257719720356
0.9831184029914445 -0.00982517013254991 -0.17810434364373565 -72.94157328048792 0.017387482896867486 0.9981800190160417 0.04091233011076273 0.057848947761787534 0.17752572269432937 -0.043354466031516894 0.9823158907082219 11.972147190460431
0.986050622425634 -0.010244124086447011 -0.162001753766685 -73.08189783041198 0.017565633094098566 0.9982077989896488 0.04379481349255837 0.05951474916905114 0.1613721528943707 -0.046060780543544434 0.9851308471079114 12.721127434594436
0.9884557387605813 -0.009556497193076167 -0.14767612100747338 -73.2058563320844 0.016521415203770973 0.9982769573635649 0.04598342967635733 0.0756073880458833 0.14705990924584383 -0.0479177086207424 0.9874318193211953 13.39227321074918
0.9906692328725807 -0.00964594030155339 -0.13377656022446613 -73.335301325199 0.015754398160537583 0.998584797926802 0.04466482093403409 0.04782863446822197 0.13319542019817235 -0.04636920928266297 0.9897088594079396 14.149861966853901
0.9921691860164339 -0.009028470086288395 -0.1224826234295018 -73.43430230011093 0.014232894646274306 0.9987712936142489 0.04167171440086863 0.044248114334865 0.12198745180363126 -0.04309981652487421 0.9913347944621916 14.832778665224932
0.9933855447189877 -0.010948688089675937 -0.11258297938413685 -73.51402696102483 0.015137673444270656 0.9990268122874653 0.0364132406158232 -0.07709974540591896 0.11209664623673586 -0.037884030422102484 0.9927783185409883 15.54022199788971
0.994483979688408 -0.011776559719562752 -0.10398952109044626 -73.63697878543002 0.015607869144460586 0.9992015149110166 0.03610572968755889 -0.05678360508646238 0.1034838518918803 -0.03753055033651656 0.9938981080199328 16.36343702211705
0.9950091837285423 -0.01024787822143913 -0.09764401371534097 -73.76552816660556 0.014408309944071737 0.9988552129244218 0.041991844570799415 0.010331259205809684 0.09711733994822182 -0.043196015798914314 0.994175527362154 17.137875467425456
0.9953103390223611 -0.006933324535877454 -0.09258020531084563 -73.90616612390231 0.011684384253429214 0.9982679840729587 0.050856129605739174 0.07594446176904726 0.09210127458179884 -0.05171847200707048 0.994034403502535 17.910827094156176
0.9958926687835749 -0.006435811515125214 -0.08785150466845243 -74.04788522083973 0.01154966536665066 0.9980409288906928 0.057813717653540445 -0.025221790499037777 0.08732648831677232 -0.05860376953553544 0.9942339767913689 18.749036817648765
0.9959169524381577 -0.008646084260148169 -0.08391609698637173 -74.18407454952929 0.013677725579103212 0.9976146947389528 0.05954061587500755 -0.21056352996658126 0.08324415528711808 -0.060476533758071604 0.9941731464353147 19.50080978875123
0.9964763898227299 -0.009539920214230797 -0.07980513828620778 -74.32314236665215 0.01446964554375226 0.9977199196156612 0.06140569071843383 -0.12892901061125206 0.07906012056665995 -0.062362009721902804 0.99462834554208 20.354183663060997
