0.004990064413939758 -0.9999872383881484 -0.000724718173806084 -0.815190930387079 -0.017082684792577997 0.0006393766109977139 -0.9998538937613308 0.24968861828601513 0.9998417027468873 0.005001716322921935 -0.01707927296897522 -1.1344418855661
0.009174990324124664 -0.9996927222571538 0.00519561516942064 -0.8088727823710109 -0.03373191216787862 -0.0055024525979966415 -0.9991640144349754 0.22406244837131373 0.9991370966489501 0.008994326646264518 -0.033780530592943815 -0.8263452988644651
0.015354766391444468 -1.0002341943324913 0.009017545423585375 -0.7996851355521438 -0.02360291593023222 -0.009378400408470777 -1.0000703022545814 0.20833642441408667 0.9999964543356515 0.015137062609997828 -0.02374311938813188 -0.5425033878351297
0.018020406006390807 -0.9997519789202541 0.012100753484935129 -0.7881722899932111 -0.02277876536183737 -0.012510102629095082 -0.99964990906489 0.193231393125242 0.9995658166913258 0.017738678519527405 -0.0229988344850807 -0.25178155209335973
0.016926079481365656 -0.9987333937143671 0.01974360207164655 -0.774651872951928 -0.04115055924093533 -0.020426804119352313 -0.9980151319013648 0.1770737385537611 0.9980806976835926 0.0160949620018243 -0.04148268008173922 0.0731970544922722
0.012175233351997935 -1.0001222930254183 0.024443986862221396 -0.7628529902269567 -0.03511170775823778 -0.02485792381473605 -0.9995697726693652 0.1616339974486842 0.9998047430772721 0.011306129109009631 -0.0354011242869979 0.37594947923979305
0.0012336990203683047 -0.9997626737567245 0.025557258806143457 -0.7511192434730624 -0.03531659543274714 -0.025584891586270166 -0.9991388210129176 0.1465469695709053 0.9994656382525222 0.0003300119808358168 -0.0353365929568357 0.6866280906131959
-0.015940503557959593 -0.9990473775771913 0.02150785952433698 -0.7427160295508953 -0.050345568748049865 -0.020680352704329295 -0.9979229077308179 0.124414854075862 0.9980099301292983 -0.0170003178182045 -0.04999764962813341 1.0392986231061283
-0.035334837529176995 -0.9994698858885926 0.015350209119505073 -0.7392956009560142 -0.04163343691662022 -0.013874925391899162 -0.99924897237229 0.09884736358846041 0.9987204739468947 -0.035939761091042535 -0.04111237578413398 1.3736852941279276
-0.054477351527518716 -0.99852873422565 0.01467887741180763 -0.7436724681715006 -0.03661313529846678 -0.012693726169850365 -0.9993704843105284 0.07865895717019195 0.9979653434913655 -0.05497382389217348 -0.035863388952794874 1.7175039372878576
-0.07469958512725348 -0.9972718147083076 0.01718487441916973 -0.7540307393034276 -0.04903458667684068 -0.013540372080952117 -0.9989188259924003 0.06005873846668244 0.9962139564469537 -0.07544539496172031 -0.04787914146816599 2.105752209897476
-0.09616061333941507 -0.9951164611888016 0.014311571145144803 -0.7693176187112548 -0.044133893701167944 -0.010100190543450896 -0.9988287012235045 0.03814164342823029 0.994240431761534 -0.09669370725845598 -0.042953382817902744 2.47049050172083
-0.11586526580444213 -0.9930643114554124 0.013976011298335379 -0.7950028939608518 -0.04118307347650843 -0.009254634644064036 -0.9990071343395039 0.013349131604320635 0.992308547461735 -0.11633762809196482 -0.03982919352828364 2.8450961860987922
-0.1326933021176898 -0.9916089135400599 0.014004983570781015 -0.8421986488496664 -0.05353024695176891 -0.006947412341814325 -0.9990887190662253 -0.013385124795363357 0.9902621532995947 -0.13324935173962674 -0.052130740076815785 3.261553252133294
-0.14915249560513902 -0.9882505157862368 0.010838219619877085 -0.8960656063994497 -0.04386542766366201 -0.004330520414187667 -0.9985290278761579 -0.045488477931590054 0.9873361201700297 -0.14948306240819056 -0.04272542452981615 3.654324999735234
-0.16102878389421452 -0.9874661713763861 0.014875322513028946 -0.9648301766773489 -0.05615576657988936 -0.0058919883310479745 -0.9990259913969926 -0.06849748084043955 0.9859804690398372 -0.1616070396389626 -0.054469350800501186 4.094571064115051
-0.17309712906419553 -0.9840925176040517 0.015562434602762795 -1.0325158341591443 -0.047921651688985455 -0.007355465178887942 -0.9981444954563454 -0.094949219709825 0.9830483339475042 -0.17363959774229232 -0.04591729450406596 4.515566686591996
-0.18321668611080683 -0.9826728140373612 0.01921538402765729 -1.1056598088371346 -0.04614209151362384 -0.01092506332078468 -0.9986666749827635 -0.1201744253853197 0.9817770806935505 -0.1838973524946218 -0.043349952171232005 4.9458576170099375
-0.18944166484026967 -0.9822666056503842 0.026045527006871523 -1.193369588124859 -0.06271825537192655 -0.01438362079129535 -0.9986360014579165 -0.1479582691952 0.9806083380705859 -0.19068202365369902 -0.05883959827664273 5.422605378172233
-0.19604249671340376 -0.9796371442904173 0.02487511974942908 -1.28213119295374 -0.05633352787261467 -0.014059995267850898 -0.9976819881456175 -0.18100357423741492 0.9783324979935049 -0.19711356645217917 -0.05246311026134359 5.886994395635679
-0.20316826121782608 -0.9793579517451927 0.02935100068405736 -1.3834489734974875 -0.07165111866086202 -0.015044388229625748 -0.9979582846467402 -0.21159820933431872 0.9771744127221118 -0.20472542633028137 -0.06707260908392719 6.38992770645498
-0.21083821706713227 -0.9763070926777483 0.03290859039432601 -1.4792543640285172 -0.06224040231099573 -0.020172102659016828 -0.9972114217292741 -0.2312081977378908 0.9748768549350153 -0.21243546400955682 -0.05654914429856916 6.8822216276241415
-0.21788070875396953 -0.975141386442653 0.034730641645532405 -1.57975809570824 -0.061475864703836196 -0.021796791541372994 -0.9976596088067525 -0.27378936004035487 0.973821284421015 -0.2195521176144868 -0.05521018212340866 7.373876915395518
-0.22264282847641292 -0.9743389033125829 0.04017800642653044 -1.6988156399349206 -0.07631879944332381 -0.023675731898625055 -0.9970634048614684 -0.31933771901490543 0.9721760365813581 -0.22499682963322878 -0.06907117231979382 7.914959680539922
-0.22997757106253655 -0.9718792865699875 0.037048534155200284 -1.8169358290811395 -0.06925140991596117 -0.021610265875596783 -0.9967692792756054 -0.36283779443523206 0.9701167028377321 -0.23193810942738002 -0.062371204101445865 8.441985592855447
-0.23887189097250058 -0.9707212133549884 0.03943053818527418 -1.9530140484394338 -0.08427434566175249 -0.01974806850395276 -0.9967056752945268 -0.38521892069208047 0.9678597567815895 -0.24129769088621078 -0.07705442155616463 9.006039048473014
-0.246953886298238 -0.9676339705003608 0.038516287645035716 -2.0771739381522014 -0.07747862910948232 -0.01987916103490193 -0.9961863485101158 -0.44502953410408524 0.965295964259129 -0.24914766799915058 -0.07010430970399441 9.549605254544115
-0.2566423915378557 -0.9656391503622868 0.03846956741796868 -2.2069061955703493 -0.07496667440169123 -0.019790372358659623 -0.9968915012289294 -0.49496216962444956 0.9634931781982422 -0.2587539028665382 -0.06731829704646332 10.090637627579822
-0.25929813083845527 -0.9649073158206017 0.044840095556560225 -2.3589036184407677 -0.09574836202093567 -0.020524052255619 -0.995340861379434 -0.5460731500243627 0.9611915747779273 -0.2623450683743515 -0.08705372526351716 10.673389729500906
-0.26182010606469136 -0.9628638891506223 0.04820798643913446 -2.5072001483103183 -0.09385150954036647 -0.02426076600743458 -0.99427566043895 -0.6029944491723143 0.9594910120644248 -0.2651135799905538 -0.08409922880647838 11.251185452003797
-0.27072876538498997 -0.962130927520132 0.046311298290798504 -2.6800295014284155 -0.10782552627976384 -0.017533053069810515 -0.9945858954478435 -0.653350470204423 0.9571909644580471 -0.2741010965657112 -0.09893945387274321 11.868684102892319
-0.2797067092703018 -0.9590382950639212 0.04032583392479206 -2.8471523797474116 -0.10198147332698698 -0.012074551641086216 -0.9945202786443609 -0.7059369608187793 0.9544530530042601 -0.2823406466374166 -0.09444491859851613 12.476150043738603
-0.28809517074021046 -0.9572773344871585 0.037364358238721924 -3.0232455469303696 -0.10148240147658484 -0.008302844521220881 -0.9951921099732806 -0.7517695540884659 0.9526161549711709 -0.2903894041138673 -0.0947181061635016 13.073974880169805
-0.2850725627750761 -0.9567980019368569 0.04450580410370914 -3.224403301007368 -0.1267536779454141 -0.008342738802199186 -0.991248498467949 -0.7899209657419977 0.9494087180305288 -0.28840518659035513 -0.1189761728187298 13.70408956719733
-0.29042105345770436 -0.9560773110631451 0.041266848637131065 -3.4125235764935766 -0.12830695605338208 -0.003833520872501726 -0.9917932888836068 -0.8708942288188395 0.9483271206468159 -0.2933132561060507 -0.12155006488217085 14.353648712973254
-0.29056161881762843 -0.9556461212649411 0.04406463398873178 -3.627758376205099 -0.14902056318733892 -0.0002769350721240171 -0.9886456307926543 -0.9237917840738847 0.9449837551006782 -0.2938838047550996 -0.1423569934304518 15.014134606292542
-0.29617433039548385 -0.9541643558942414 0.037768581213666955 -3.834528567868726 -0.14085590441141219 0.0045425749711803 -0.9898052484268076 -1.040813021214932 0.9444659453607127 -0.29853824965893777 -0.13577391353171475 15.691170189660822
-0.30306444155791196 -0.9527388648313309 0.03346145041987452 -4.05333718286914 -0.14053051217586088 0.009919399212517907 -0.9903696191885326 -1.11759209704003 0.9429116669145374 -0.3047447335881464 -0.13684864361715202 16.32872573740717
-0.30264591054247764 -0.9520596633747606 0.036404343475991495 -4.301407471656932 -0.16302775032662567 0.014114950411278335 -0.9861847086732681 -1.1871226238356216 0.9387039223689411 -0.3045005981689443 -0.1595368423989824 17.004120904734314
-0.3105235217273448 -0.9503704767747502 0.03036224004069835 -4.534003842967857 -0.1544351489794055 0.018892404810933308 -0.98810108848139 -1.3319921276895643 0.938230203757742 -0.3114318930500223 -0.15259512954119372 17.71198378102316
-0.3143214946965758 -0.9489235223834273 0.03272378547357403 -4.79752999350228 -0.16677150153755033 0.021241392449570334 -0.9859314894833638 -1.422662175068031 0.9347267967198022 -0.31530568632530254 -0.16490326141756517 18.411350844341825
-0.3212301515539135 -0.9462660621040714 0.028200674578832616 -5.039493116334151 -0.1553237721673371 0.023304784699465078 -0.9872867335419799 -1.5481044176514287 0.9338573145304493 -0.3216224506313129 -0.15450990320891342 19.135653429610603
-0.3301129437256719 -0.9438262468377331 0.02595443114280396 -5.289982365769206 -0.1477207864293249 0.02447137511415015 -0.9889570396846172 -1.660354472381306 0.9325558453862869 -0.3302262356735675 -0.14746744500670028 19.82197081641393
-0.33640864971918166 -0.9413285149376821 0.029544252004308404 -5.573011290082614 -0.1554667713328247 0.024563392962464226 -0.9876081566679783 -1.7916912703599022 0.9288716468697358 -0.33680901124423135 -0.15459759206819582 20.552051421667457
-0.34189552545247415 -0.9396503574310403 0.042239468684183344 -5.919690622971845 -0.1854020673156637 0.023261642560806116 -0.9832113810308243 -1.9532704322388699 0.9221460060207244 -0.34370866742555894 -0.18201884396876233 21.417406337594254
-0.3457100787895773 -0.9327268815885875 0.017565046039238957 -6.149177803041085 -0.12584921207799799 0.02806766229967077 -0.9864977135035774 -2.0381646615817295 0.9243647312272727 -0.34501626782291533 -0.12773913859943373 22.187531785604946
-0.355411772632199 -0.9346013852659083 0.01802686679764749 -6.449014666257531 -0.12768908693818587 0.029434649409442303 -0.9914390938397459 -2.1722973397856036 0.9260131906303752 -0.3546493034654885 -0.1297918877968616 22.78498327367646
-0.36508667732004907 -0.9311863315074547 0.017976283306231758 -6.755358908736921 -0.12844035354469388 0.031214785278799284 -0.9915887547036659 -2.2958835734810696 0.9224610667242051 -0.3641937651705584 -0.13095091086089095 23.49033155655957
-0.37537088144124503 -0.9267286577161324 0.02613518753856438 -7.097551098888541 -0.14167252918242815 0.029473770850913524 -0.9896831189573343 -2.4223204461171606 0.9162085781044161 -0.37512355051772944 -0.14232624998626206 24.263923312620566
-0.3826132688136053 -0.9231179090858415 0.022145644827832316 -7.418349122255446 -0.13247351927807421 0.03115240993771648 -0.9902072732220143 -2.5429058575035235 0.9138315380386979 -0.38198547926604287 -0.13427314323244002 25.04242182450276
-0.39080205928281464 -0.9201426785969518 0.02474502218022507 -7.784039697861824 -0.14022395255119555 0.03294361088653678 -0.9895722354453084 -2.6671460611319238 0.9097320024620925 -0.39019651677655603 -0.14190039821892994 25.82462929285417
-0.4003936461111097 -0.916427423044182 0.01698681996737212 -8.128788349168948 -0.12597223699464333 0.03665832975211842 -0.991579619054765 -2.78493969756409 0.9078870942360944 -0.399073715085706 -0.13009337472445365 26.61253143060787
-0.41150424180167633 -0.9118717509303546 0.018347540923328392 -8.484216091020729 -0.11943900010980267 0.033922708928256363 -0.9928575786817644 -2.891884757960969 0.9042019975378941 -0.4105139031209534 -0.12279980900807756 27.354598626330453
-0.41962695007386486 -0.9069405830655255 0.02531692655751862 -8.884776547107812 -0.12787362173990155 0.03150386894446904 -0.9909212486927427 -3.028554205309212 0.8982375561306082 -0.41920791207203173 -0.1292409015255922 28.147465360751813
-0.42647362632193714 -0.9048228169434478 0.013623175352939871 -9.259617332358072 -0.10634093146929526 0.03515480239774939 -0.9940953445594127 -3.1322984389416666 0.8986555118517527 -0.4252405546607559 -0.11116952451535399 28.980741088502047
-0.43351896093800635 -0.9005374773175291 0.01777789131406196 -9.686875824133498 -0.11079406779600151 0.033735441625420144 -0.9928792566447484 -3.264062035963755 0.8938728521375284 -0.4325698891800854 -0.11444366450417987 29.776158750154583
-0.44041392565841825 -0.8977129967165409 0.017637508535722834 -10.083349511199119 -0.10272860671137114 0.030862762054425206 -0.9943131238657978 -3.3617331619557285 0.8919903240443713 -0.4396851659603074 -0.1058045139198366 30.585946294276788
-0.44714657462103113 -0.8960862890734042 0.0055755812277650555 -10.493790296662254 -0.0884454329522588 0.037931767049095726 -0.9968352439041749 -3.459107381011823 0.8917282814849732 -0.44556972109098747 -0.09607458833094248 31.397657679247015
-0.45298304228576713 -0.8897355895185545 0.01597614366614963 -10.959783833866 -0.10064408939616298 0.0334116047311564 -0.992891160936036 -3.5863515046030994 0.8841694514265123 -0.4520316236775723 -0.10483477975001719 32.19969995528155
-0.46133028727857467 -0.8898663744652787 0.005325301122387412 -11.389599192596858 -0.08502518813786071 0.038106801646492446 -0.9980154707053079 -3.67339370953242 0.8858111739852264 -0.4597846415839123 -0.09302178320003157 33.08002375880443
-0.46774125735258315 -0.8845052972417313 0.010490189114500994 -11.833737595025648 -0.08345871730092741 0.03231462242221542 -0.9966102997103445 -3.7905017194601553 0.8806216556794865 -0.46674162741166586 -0.08887940271033429 33.859665421388655
-0.47313127301203295 -0.8767809381479363 0.031035111860033236 -12.332549034092166 -0.10931951730963137 0.023931890210832623 -0.9904735397644989 -3.9147603707894714 0.870492633138386 -0.4735437672068058 -0.10751890140524158 34.68161864030563
-0.47486141082151523 -0.8804970594818705 0.025770691691969334 -12.788996503869102 -0.10158521938128522 0.02565766275559066 -0.9952159667242564 -4.0153424125534745 0.8749970484024607 -0.47486758982469307 -0.10155660467263188 35.61029393017086
-0.47533944135064843 -0.8763485563412425 0.033415054548314234 -13.306328918847417 -0.11408800225491597 0.024107740462398403 -0.9906835112196095 -4.136879689952047 0.8695329062959802 -0.47590232499551843 -0.11171700708955407 36.51270385177808
-0.476109521859419 -0.8780668652576751 0.037730203620569044 -13.778846994777075 -0.1108958768728897 0.017451823159596994 -0.9932285417110341 -4.250821298623118 0.8718527873526256 -0.4772832858031083 -0.1057302859950334 37.40386122464839
-0.4767034318099346 -0.878515039104131 0.038152049264716124 -14.260829650594593 -0.10922000223026197 0.01609226541778632 -0.9941340843969468 -4.362614175961546 0.8725339158630303 -0.477956939347184 -0.10359725381847257 38.2814281115274
-0.4798953392226922 -0.8731170706583664 0.046323229777327335 -14.8047541673924 -0.12772543766603103 0.01773011985884028 -0.9890150579855191 -4.512994774377896 0.8649656994283729 -0.4817998319969146 -0.12034244096792888 39.221195937223314
-0.4791283284220238 -0.8773156767852294 0.04435629348350358 -15.301563140855862 -0.12027299324392707 0.01546776684750223 -0.9932318565878273 -4.5863211294775486 0.8701637055410545 -0.48092851949788745 -0.11285993078901997 40.15624443964468
-0.48478280263532064 -0.8724061042734342 0.04782409188674851 -15.85862286969204 -0.13042829872361109 0.018180244972605245 -0.9904806866032775 -4.737818238052638 0.8639260390960817 -0.48679671981359524 -0.12269848739395679 41.08485483982076
-0.48609284100382405 -0.8743058615610615 0.04006929343911571 -16.36367580577596 -0.11359444270687793 0.017576604684817174 -0.9945300582009612 -4.836103482577356 0.8678207067089403 -0.48742478362983205 -0.10773618785963326 42.04511389746751
-0.48781085960867077 -0.8732273323230445 0.03424742056186672 -16.874819450367593 -0.10010333759022777 0.01687127994622344 -0.9956671679398696 -4.94274017630627 0.8681465139831596 -0.48872051231979535 -0.0955637607744492 42.92894490036333
-0.5032044035728649 -0.862721235534359 0.04995293939290494 -17.444370095145086 -0.12020749192564588 0.012637090710260014 -0.992667363162268 -5.100027643017991 0.85576490287204 -0.5055198657065199 -0.1100647125272099 43.79831605041008
-0.5080047759514893 -0.859413610785831 0.04878612196681961 -17.959632219674315 -0.1154912636207371 0.011912181595868206 -0.992754095037079 -5.185399811466922 0.8530145312278199 -0.5102030007136764 -0.10535675685644974 44.75096495946218
-0.5227619491149926 -0.8512793403051849 0.056742560990628264 -18.54785853066222 -0.1282354987713685 0.012608622897101053 -0.9922565703657339 -5.316806834344846 0.8434761817636233 -0.5256813332929414 -0.11568751963823268 45.67674215639066
-0.5300059292259601 -0.8470749230176112 0.04741471937873163 -19.101527071905462 -0.11506671668202029 0.01638129984608862 -0.9935702303039706 -5.406673737088619 0.8405616626222912 -0.5318704383240679 -0.10611569419807276 46.60995663050318
-0.5371498770842191 -0.8432027625386049 0.03828782791118818 -19.672595124532016 -0.10219244144880657 0.019916824137992912 -0.9950613071675813 -5.521249165251717 0.8378626002927954 -0.5381443482391867 -0.09681950778197389 47.46675866118417
-0.5486779895279917 -0.8347478499621621 0.04272698012115107 -20.304952388771675 -0.11154976712916499 0.022476715943008506 -0.9933421784982145 -5.614443760406654 0.8283636817725947 -0.5498799893104264 -0.10546543708943248 48.338394971919776
-0.5540455844103852 -0.8332789319606424 0.032711112274885934 -20.886059908234394 -0.09874694077743437 0.02655939443587307 -0.995958873842573 -5.740027425226839 0.828053747283961 -0.5543746032148342 -0.09688313998521215 49.24364731344283
-0.5590389718888239 -0.8296821873310356 0.03137130854785794 -21.47434548735771 -0.09740105903810808 0.02797641294891429 -0.995797042687486 -5.831740534396362 0.8245422333528603 -0.5592192131961788 -0.09636123143084348 50.06327613153953
-0.5652230746484992 -0.8227105807535368 0.044218273255268864 -22.1274839262066 -0.11774749425105899 0.027589396322572627 -0.9917961307457757 -5.928823425825533 0.8154407703495589 -0.5662784509121083 -0.11256283371998635 50.928640836459174
-0.5698395848841774 -0.8207253640960541 0.04336286707431673 -22.71841920599056 -0.11802479670572556 0.029498680092963345 -0.9926669744512474 -6.046280929014363 0.8133515691404529 -0.5707253269631569 -0.11366479922545639 51.79213869606733
-0.574598836490622 -0.815085986032615 0.05082804723599749 -23.377610988186085 -0.12638568411311116 0.027351502378337396 -0.990147041902149 -6.176211566094288 0.8068305136420219 -0.5761937958189365 -0.11890313493822419 52.67488993891461
-0.5761164616459794 -0.8165890205472683 0.040723109262713865 -23.97840574604793 -0.10962500242604327 0.027782636159432713 -0.9937790470732089 -6.28231503659995 0.810221280589652 -0.5768853924977022 -0.1055042386264083 53.56543163896495
-0.5791593074567866 -0.8151516948155046 0.03357572358224065 -24.588620223792674 -0.10188245133576898 0.031410727413693516 -0.9948158540812028 -6.389139189040285 0.8094564502603302 -0.5792808312937234 -0.10118961633170494 54.37854580890099
-0.5854756282882285 -0.8085331250085351 0.04353032574955116 -25.265666598243133 -0.1121138610867815 0.02774893881842897 -0.9925034136179182 -6.4853169824406045 0.8019048241546939 -0.5864355733182346 -0.10697958754289709 55.24950175537022
-0.5874532022518049 -0.8084476920927899 0.039164385569908235 -25.88079208623966 -0.10262292044553066 0.026393642177118735 -0.9944821916746566 -6.584982800601171 0.8028637602561655 -0.5881654314455496 -0.09845932633589684 56.130095301663665
-0.5921650154622515 -0.8061630224390129 0.03595143087759396 -26.5086767403953 -0.09571647103712552 0.02589087772030434 -0.9960014470019706 -6.671806299357978 0.8012676468063444 -0.5926901887513413 -0.09240927901230572 56.950955430256435
-0.6014963668790987 -0.7967176573402763 0.04801020113661838 -27.208180342394783 -0.11348022717739091 0.02585802714902377 -0.9926306551349451 -6.794401827453606 0.7900546814746957 -0.602855132416118 -0.10602556297167039 57.780027451725076
-0.6056812000413169 -0.7947456466861788 0.04323420326314793 -27.848290247505737 -0.10557448458924899 0.026372754590107052 -0.9942324649193107 -6.885088473508221 0.7888878395964343 -0.6066493887199712 -0.09986139150261376 58.64891800327445
-0.6157505801973437 -0.7856298291582939 0.05446502175734302 -28.563345684172585 -0.11846926385445655 0.024057544611800295 -0.9923284964894659 -7.008788612655298 0.7785536931186381 -0.6176864447760873 -0.10792262581301615 59.489171583316974
-0.6193470145269555 -0.7837144461219708 0.04756703837108893 -29.217473104490267 -0.10917040005479592 0.02596134128959523 -0.9937150728529146 -7.110770309478892 0.7775300198008188 -0.6206282712925519 -0.10163436517227453 60.353538441544956
-0.6255414941610703 -0.7803641385584147 0.04132520176642319 -29.88262089350194 -0.10100170405565698 0.028246266381776353 -0.9954793113550765 -7.215221454758247 0.7749030695947752 -0.6262684554113602 -0.09639202937826268 61.16073338971121
-0.6344485660402943 -0.7704819979696917 0.05257356594800163 -30.62682674185803 -0.11581255962828427 0.027652616986249264 -0.9923479170835388 -7.34252280206785 0.763540494492966 -0.6360223228612666 -0.10683274870314582 61.982839273515594
-0.6396961387660195 -0.7676959599300377 0.04647094472285835 -31.30621649317973 -0.1063056276875086 0.02839341657138764 -0.9942941445849997 -7.442524218218955 0.7617190392421905 -0.6407531612613946 -0.09973727338357859 62.839904065266275
-0.6500796767584868 -0.7571749979431992 0.06019758391825032 -32.0693336333266 -0.12229236321333638 0.02613485921332283 -0.9919188437671586 -7.5751485947786845 0.7496548847641268 -0.6523376496534392 -0.10961160349112166 63.65872660220615
-0.655540532353434 -0.7540659548260272 0.05178209572861953 -32.76732783736443 -0.11080605869205085 0.028072247391461465 -0.9939639523332003 -7.671880055365039 0.7476757369195054 -0.6569831278088667 -0.10190509339011501 64.51026278448572
-0.6637170948323349 -0.7489392149100984 0.0431868867151133 -33.47924394972775 -0.09833883119070728 0.029694344631381715 -0.9963650386757414 -7.7846758390698305 0.7437100696826036 -0.6644575560665331 -0.09320500213189115 65.30716737403637
-0.6722564061551711 -0.7368318979013243 0.057613052270405085 -34.28258819027102 -0.11350021750652695 0.025966801553165247 -0.9922765459621887 -7.926233615689549 0.730313867113269 -0.6742208663022183 -0.10117959306011796 66.096736833178
-0.6769668066756394 -0.7350228731844949 0.04839443207862442 -35.01672064028956 -0.10131558371938373 0.02780751916379617 -0.9949104129949491 -8.025205757501217 0.7296135492712371 -0.6781245708072741 -0.09325279776591668 66.93477864178918
-0.6841871137261947 -0.729302753511198 0.04516586416152691 -35.772192298884086 -0.09675443344362443 0.02909247973161156 -0.995905019843423 -8.154685817039073 0.724265954413896 -0.6850589063021731 -0.09037608761400673 67.69285564136898
-0.6923206497793288 -0.717309592894923 0.06089032982572092 -36.61333976797107 -0.11389509843880204 0.025725712923186927 -0.9919247921340133 -8.280134638741288 0.7108225645441114 -0.6945169694465545 -0.09963068354000357 68.48585287854831
-0.6943517018728758 -0.7178323329335031 0.04949547775737364 -37.38461400027086 -0.10089746194577864 0.02903177544244401 -0.9944014971222567 -8.412360729212967 0.7124274631026039 -0.6955079894509291 -0.0925923279414249 69.31115379154484
-0.6999837569883588 -0.7106634933442885 0.05643137579051039 -38.242295637866555 -0.11190990135047095 0.03143162479358988 -0.992316844858953 -8.543071051090594 0.7040620710389675 -0.7015510918426237 -0.1016231892556015 70.1098473923567
-0.7029903433974406 -0.7097661648993351 0.049215804029939476 -39.02475876929586 -0.10078032629336059 0.030850110929144983 -0.9946242288144925 -8.673863294391845 0.7042965672720347 -0.7040355183264515 -0.0931998275514555 70.91862641019397
-0.7076464671280346 -0.7074086494772938 0.04147882539800869 -39.81814934596383 -0.0904339617139053 0.03201423629803154 -0.9968490022434444 -8.797452831100227 0.7028295046949082 -0.7081378592112838 -0.08650271402895461 71.68716321747758
-0.7165027230014404 -0.6952199468906124 0.05749733493527394 -40.70312175530465 -0.1087628271996892 0.029915897594846003 -0.9936240181947587 -8.93679800901482 0.6890627585128972 -0.7181833065072001 -0.09704828499554692 72.46498949616776
-0.718425583240057 -0.697451183223817 0.04019363654532893 -41.509789587537625 -0.09303772604877283 0.03837773040107347 -0.9970257092191361 -9.054392615648906 0.6923855740863245 -0.7185249642288323 -0.09226776277101623 73.28460482820775
-0.7250187890754792 -0.690295692722099 0.038080762305611436 -42.33684020012898 -0.08559937309460149 0.03487553501325299 -0.9975305058581109 -9.178307851904124 0.6860256212784875 -0.7251801263665959 -0.08422238958618414 74.01796793504543
-0.7300775993448435 -0.678991214946057 0.05285781318385259 -43.2484748677471 -0.1000974229082101 0.03033194633738374 -0.9929234264963027 -9.32976524849641 0.6736494923115626 -0.7313599348547524 -0.09025282409141301 74.8027192154123
-0.7331455287114184 -0.6796702171958887 0.04328288253222938 -44.0756094426885 -0.08823236055015521 0.031730267207628705 -0.9962608855603379 -9.443648547544816 0.6753074684654532 -0.7337363947708405 -0.08317662573203297 75.60513054680204
-0.7387552923688673 -0.6693785703658952 0.05808700415851564 -45.00311612820158 -0.1038924133441188 0.028509965626022954 -0.9927712895482218 -9.595726764526013 0.6638134135583675 -0.7404868661903755 -0.09073230513363763 76.3774653391867
-0.7410451489507335 -0.6698143627314307 0.050247967659314385 -45.84760677287043 -0.09133011014565875 0.026352245069926176 -0.9956347496224095 -9.702964320315443 0.6654585343491332 -0.7422792371642066 -0.0806893497308491 77.17345277989777
-0.7464202608657867 -0.6661001577082643 0.04701596948076322 -46.708980928157324 -0.08514472943210415 0.024998482143653446 -0.9975814310393099 -9.829169613891473 0.662306882416436 -0.7474817193128744 -0.07525986478536018 77.91290697037464
-0.7519304783804847 -0.654795411457721 0.06186069847368477 -47.66412618865406 -0.10164772957190445 0.02286323428830581 -0.9935433384686446 -9.985706138869805 0.6498089122065028 -0.7541243948333802 -0.08383460992471793 78.70004994433496
-0.7556142987758799 -0.6539262998153802 0.058483088234547106 -48.5340954327847 -0.0949641828105356 0.020631512335122643 -0.9962675963587376 -10.082092214555237 0.6496320399547455 -0.7575933751800251 -0.07761174613117398 79.48062254898008
-0.7602055725099293 -0.6487046302009136 0.05919902119318076 -49.413847101983805 -0.09269279159150588 0.017672599027111036 -0.9966597175819362 -10.219758134778765 0.6447715659573314 -0.7623023408401873 -0.07348298882932264 80.21719304146448
-0.7653458034579855 -0.6361552990450619 0.0766552317811886 -50.38943541526979 -0.1090167017961149 0.011607530267316356 -0.9921212346829261 -10.41347970077091 0.6314151159474928 -0.7690875335016105 -0.07837952907265294 80.99970445585994
-0.7695733011181046 -0.633444198054117 0.0728074992667865 -51.27977201515165 -0.10087312354459774 0.008271790449130189 -0.9942594595749245 -10.503353632874514 0.6295849402173237 -0.7729655375122084 -0.07030559543647683 81.77397119052402
-0.7789359392906033 -0.6200906823955078 0.0863087615921668 -52.27815058587579 -0.11368209466467466 0.0046107956793062345 -0.9928535183383028 -10.688294532265592 0.6156607298155328 -0.7836895376654971 -0.07413281743993805 82.53695059533091
-0.7835893408657226 -0.6156252879535998 0.07760745182773356 -53.194766729092855 -0.10308992760292952 0.005889000789360324 -0.9941667798345194 -10.805517610830329 0.6118741481825021 -0.7874011962486959 -0.068112377312863 83.29448544520325
-0.7918681556266036 -0.6083365519044048 0.07089629699505341 -54.12653909518843 -0.09596223342911292 0.008788513288205542 -0.9964281038666614 -10.944814193924227 0.6048892356212977 -0.7949870302912213 -0.06526639579349323 84.00303147296451
-0.799926141701963 -0.5927905124392019 0.08742796489855072 -55.165934848226776 -0.1135213270159199 0.006739552250660498 -0.9929721508487279 -11.087597418550317 0.5883512870859889 -0.804661555519826 -0.07272456968039441 84.73453646249911
-0.8077063915999648 -0.5860633872976249 0.07858579315779564 -56.11542690313464 -0.1019848721597964 0.007028881874184408 -0.9957838368253179 -11.208368111955576 0.582447587835515 -0.8114900484493155 -0.06538035964270021 85.4758893629249
-0.8151383307124984 -0.5792232395454138 0.06647426783318433 -57.081510893619594 -0.08892119151167986 0.010583534307938002 -0.9981733475133121 -11.341179075338765 0.576204386412828 -0.8177759349844296 -0.06000133673749407 86.16675819102521
-0.8206173493463439 -0.5625543118097474 0.08340696426933603 -58.15519156308184 -0.10522472379678752 0.006292224202793349 -0.9928369490314813 -11.522887374269105 0.5588845249999668 -0.82482127216895 -0.06446015646198898 86.85496971536993
-0.8275215697496878 -0.556048362499469 0.07650990208402231 -59.13154045626209 -0.09634621197255314 0.006442807606026333 -0.9952444551448169 -11.640390788481058 0.5529566270797267 -0.8310260968547434 -0.05890955962648777 87.56342267843743
-0.8362115073857785 -0.5468937801413267 0.06982523548460594 -60.127030890316306 -0.0889534286299268 0.00864034062868391 -0.9976125604271653 -11.779116282790385 0.5441100372298007 -0.8390773303771131 -0.055783542041792505 88.21903884226303
-0.8406373165502075 -0.5296047811889999 0.09131004386377563 -61.23627240278234 -0.10777878433229365 6.0540680696042636e-05 -0.9919040823699308 -11.932140381785612 0.526500287517709 -0.8455819264219264 -0.05726032283534604 88.88498887744025
-0.8467232421415471 -0.5240623777363388 0.0843903245247514 -62.24941397939702 -0.10003407448603066 0.0015060207663613958 -0.99433113195708 -12.067340893284305 0.5213025567830314 -0.8509170850740463 -0.05373412417207196 89.5612158457189
-0.8544517595268726 -0.508490146950068 0.10129982519405321 -63.38388917063524 -0.11719125930787451 -0.0008102030125516675 -0.992561020063723 -12.21459613193428 0.5050645092110755 -0.8604353488939961 -0.05893039550025599 90.20951685451551
-0.8605782444533314 -0.5027402236664343 0.09223813739520202 -64.41960086160157 -0.10937348938035295 0.00468405244731197 -0.9949201746479401 -12.357108709962363 0.4992926097820777 -0.8654946751915855 -0.058962913609697375 90.85586548521701
-0.8674243928642603 -0.49395292527911483 0.08499841893857549 -65.4714819230878 -0.10251643204691069 0.008548247137150303 -0.9965223243651464 -12.497707365152722 0.4906166184475545 -0.8715371036132779 -0.05794789866437462 91.45698924158687
-0.8706724703340447 -0.4792613587880754 0.0986800319211298 -66.63877164056046 -0.11519777278528462 0.005011801426284167 -0.992070681392148 -12.653836665054994 0.47556148942016674 -0.8762324863195438 -0.059648091271691225 92.08025366081857
-0.8755943477080104 -0.4755568234166809 0.09012980366487779 -67.70088535997573 -0.10610786463161757 0.006825325378178515 -0.9948054103997551 -12.785352485427493 0.4722487185012393 -0.8801945517058576 -0.05640993869333785 92.70047058311367
-0.8810879612949913 -0.46930073511169695 0.08417464432164047 -68.77617457506886 -0.0992480345015982 0.007533717489708689 -0.996863957813777 -12.914340531146122 0.46634583093672083 -0.8850676822641056 -0.05311833322180416 93.28083600751414
-0.883159228440365 -0.45560343565996736 0.1031236973489741 -69.96809619202742 -0.11767518287898683 0.003542432476713091 -0.9921286940097448 -13.086384601280544 0.4520637033677149 -0.8891526108940776 -0.056793475798433905 93.8764358348493
-0.8855482144296933 -0.45407894810452654 0.09562007108728564 -71.04829208555613 -0.10911004741131708 0.0035156502629123012 -0.9937853388804421 -13.202315151024395 0.4510276478856312 -0.8906888758173696 -0.05267032173870447 94.47062155966712
-0.8901339188941367 -0.4428892008285124 0.1111654341276485 -72.248282121135 -0.12428959948978802 0.0006401423171163675 -0.9926725594090031 -13.372919930964455 0.43938678164141964 -0.8970484577403737 -0.05559279358819109 95.05551070350802
-0.893039118704421 -0.44111408469648106 0.10132453185268032 -73.33357841251929 -0.11324409634187696 0.0007663999829146171 -0.9947575003446543 -13.50000367724372 0.43820556925532894 -0.8987686797454667 -0.0505781608926732 95.62539841771574
-0.8944166259941311 -0.43952140452473376 0.09031379211925919 -74.42484649812205 -0.10121043709462697 0.0013983358746770653 -0.9955256762562191 -13.655391355433235 0.4371408728142845 -0.8989638065130823 -0.045704764969121944 96.16456305501343
-0.8972055918265156 -0.42967181361646883 0.10198402663297432 -75.62423410228479 -0.11218131907827221 -0.0016064949535905331 -0.9936847522359912 -13.836353502820845 0.4271229426603841 -0.9029818577859485 -0.04675987442149597 96.7310881725778
-0.8978404242288406 -0.4298917655242512 0.0924100343247644 -76.70564308565382 -0.10094383030877395 -0.0029804247475638326 -0.99461830110953 -13.955158088674995 0.42796838064753684 -0.9025787274937515 -0.040729890537576 97.27673253928485
-0.8989976043448816 -0.42988672672467654 0.0850718844279319 -77.78991638733609 -0.09220810960213377 -0.00424281004211405 -0.995849542834373 -14.092839740632375 0.42841280897067596 -0.9030039409173587 -0.035820527530469215 97.79617704558771
-0.902332684121267 -0.41946376653113726 0.10271449700813776 -78.98246623285148 -0.10915974669925466 -0.008665363355300972 -0.9943407797768006 -14.261473700924062 0.41783287851704504 -0.9081187450287794 -0.03795614940138311 98.3452385527919
-0.8995978674959216 -0.4235870288996142 0.09019928388455431 -80.05342598183833 -0.09551849392160618 -0.008762743731741851 -0.993799662498934 -14.375905768002507 0.42241939473562523 -0.9040661753396682 -0.03262907035258384 98.87167855709292
-0.9057406548317561 -0.41407518308754376 0.10617909374132599 -81.23467864706481 -0.11105098065037187 -0.012307599368306625 -0.9952963011140677 -14.53551454696611 0.41279532611173514 -0.9118601105885208 -0.03478211634825781 99.41436320030935
-0.9029157153791599 -0.41508126844201404 0.09925190776957023 -82.28627681672951 -0.10218986433000246 -0.015231032744828168 -0.9933406110210502 -14.646358619011256 0.4143678035677495 -0.9082268157203682 -0.02870209056875362 99.91738893676639
-0.9042657241938002 -0.4165366420792146 0.09186030403536903 -83.33233102781399 -0.09359916899882491 -0.016299980601787587 -0.9952945436624393 -14.77727998175052 0.41614940792781707 -0.9087735301808818 -0.02425236118709759 100.40053331295107
-0.9085617936872924 -0.40579413601507386 0.11056256789894986 -84.4859379145647 -0.11147938795224362 -0.021425067339594886 -0.9947315924175623 -14.940503888574728 0.4055432790879853 -0.9150135445774809 -0.025741099232511545 100.91126932851404
-0.9031299253188634 -0.41054705469987374 0.10126129721136774 -85.51634277730598 -0.10050283229397287 -0.023554308637890542 -0.9918623411759353 -15.0365212687921 0.4107334400032652 -0.9084838522648587 -0.02004427338642234 101.38773664007951
-0.9067246226915442 -0.41048643562384146 0.10023171737961656 -86.54793115645145 -0.09772551195639108 -0.027137905953160818 -0.9951926666501827 -15.161367774968928 0.41109035369575375 -0.9118441078842198 -0.01550299862087472 101.84693567040763
-0.9121644084380367 -0.39938490562161544 0.12041265556809798 -87.672173144606 -0.1194815291811986 -0.027253829576122983 -0.9955063762407813 -15.294328415481246 0.39966450512351465 -0.9196741555625887 -0.02279028939602231 102.3411174490662
-0.9037464210255387 -0.4050507882328043 0.11342966076365785 -88.68080609803755 -0.11255703902560694 -0.026134941398986356 -0.9901202110674179 -15.41357783859792 0.40529419542713957 -0.910461998185397 -0.022041604950297795 102.78152714444707
-0.9061582243759594 -0.4044625569573991 0.1257010202535909 -89.78803626653358 -0.12685242936910643 -0.024064116083734457 -0.991888575657285 -15.529672687918554 0.4041029705495179 -0.9145187795151447 -0.02949358736897099 103.26450024272279
-0.9026300696737803 -0.41171361532085216 0.1176613350745439 -90.78205666502375 -0.11832120918237965 -0.024015016212657586 -0.991724173641726 -15.664203393576258 0.411524515222043 -0.9099498420590035 -0.02706358650231588 103.68625230104823
-0.9017477323210935 -0.4181672054094971 0.11142973060608523 -91.77275915146774 -0.11079817543465943 -0.02587052078464699 -0.9937222865138673 -15.779555284384578 0.4183350408032536 -0.9082381166881154 -0.022998539315003903 104.12384487901255
-0.9020750250757344 -0.41915467782106786 0.121650082096877 -92.85626817623967 -0.12389212369024413 -0.021907054350476216 -0.9941829275296692 -15.88943404527236 0.4184975198288337 -0.9099771304486219 -0.03210035300507198 104.64291746510843
-0.8936244932346814 -0.42896445714450465 0.11373367014931036 -93.82885640221787 -0.1144873666082707 -0.024212284469987667 -0.9908668571470771 -16.010797640861473 0.428763972280973 -0.9005076608856153 -0.0275361973879779 105.07644720521004
-0.8903536102805654 -0.4422234786562273 0.10018925409080204 -94.79926752067298 -0.10041132753561773 -0.022998538089085408 -0.9938399309090986 -16.125592910709837 0.44217316434163434 -0.8956777894307848 -0.023947427402825825 105.53093436384663
-0.8907074420744803 -0.4463637745133281 0.11051650997682685 -95.85840614395705 -0.11231705070408089 -0.022436964999248406 -0.9958392750831276 -16.235607063529034 0.4459141730938224 -0.8972571687654369 -0.030077174834969675 106.07832949112392
-0.881601117176303 -0.45854286134019207 0.09948689376660697 -96.80796376506362 -0.09983345028440051 -0.0235913640101513 -0.9934065581712042 -16.352296043097326 0.4584675929593571 -0.8868832013133873 -0.0250125308027934 106.52419931412919
-0.88193025733983 -0.46426467872324534 0.10997512530463813 -97.8487612317461 -0.11362530291670675 -0.020099567052803483 -0.9960535279113523 -16.464092354513603 0.4633849005844339 -0.888533459426237 -0.03493096079424336 107.08858302148342
-0.8697986041482006 -0.4780428631876624 0.1015813199991103 -98.77945603939452 -0.10408660803018803 -0.021412673411365928 -0.9920186304313906 -16.584690128040727 0.4775036963958928 -0.8754484920280666 -0.03120510181549032 107.55311782368348
-0.863496287076245 -0.4941067625892127 0.09119781287736219 -99.70221757423771 -0.0932384511583224 -0.020607373232416355 -0.9944679138802766 -16.694279229919548 0.49372582181386887 -0.8680543763402312 -0.028302477064364652 108.06274275671535
-0.8617777801376105 -0.5024838835050061 0.10060904715421003 -100.71249816319119 -0.10756396958041542 -0.01509313949364019 -0.9967324109674554 -16.784284566774794 0.5010412061418706 -0.8674995705332241 -0.04093444084092988 108.68086171625717
-0.8476792721509586 -0.5188508002377338 0.08792083179929157 -101.61695204600998 -0.09373103841383154 -0.015169380947178472 -0.9932174427689414 -16.911847937060866 0.5178327780796842 -0.8520917142404337 -0.035854480196296806 109.18177046416216
