{
 "cells": [
  {
   "cell_type": "markdown",
   "id": "520a07d9",
   "metadata": {},
   "source": [
    "## Objectives\n",
    "\n",
    "Shared VO estimates are absolute estimates, which is cumulatively multiplied using pose in a previous frame and the current relative pose estimation. This notebook computes relative vo pose and save it in csv format."
   ]
  },
  {
   "cell_type": "code",
   "execution_count": 1,
   "id": "b7f5bdd7",
   "metadata": {},
   "outputs": [],
   "source": [
    "import os\n",
    "import sys\n",
    "import warnings\n",
    "import numpy as np\n",
    "import pandas as pd\n",
    "import matplotlib.pyplot as plt\n",
    "from collections import namedtuple\n",
    "from IPython.display import Image\n",
    "\n",
    "sys.path.append('/app/src')\n",
    "\n",
    "from src.internal.extended_common import (\n",
    "    CoordinateFrame,\n",
    "    Pose, State,\n",
    "    ExtendedConfig,\n",
    "    KITTI_SEQUENCE_TO_DATE,\n",
    "    KITTI_SEQUENCE_TO_DRIVE\n",
    ")\n",
    "from src.internal.dataset import OXTS_GPSDataReader\n",
    "from src.common.datatypes import State, Pose\n",
    "from src.utils.geometric_transformer import GeometryTransformer, TransformationField\n",
    "from src.utils.geometric_transformer.base_geometric_transformer import BaseGeometryTransformer\n",
    "\n",
    "warnings.filterwarnings(\"ignore\")"
   ]
  },
  {
   "cell_type": "code",
   "execution_count": 19,
   "id": "00da4472",
   "metadata": {},
   "outputs": [
    {
     "data": {
      "text/plain": [
       "(1099, 3, 4)"
      ]
     },
     "execution_count": 19,
     "metadata": {},
     "output_type": "execute_result"
    }
   ],
   "source": [
    "sequence = '07'\n",
    "stereo_vo_path = '/app/data/KITTI/vo_pose_estimates_stereo'\n",
    "drive = KITTI_SEQUENCE_TO_DRIVE.get(sequence, '2011_09_26_drive_0005_sync')\n",
    "date = KITTI_SEQUENCE_TO_DATE.get(sequence, '2011_09_26')\n",
    "\n",
    "vo_data = pd.read_csv(os.path.join(stereo_vo_path, date, drive, 'data.txt'), header=None, sep=' ').values.reshape(-1, 3, 4)\n",
    "vo_data.shape\n"
   ]
  },
  {
   "cell_type": "code",
   "execution_count": 21,
   "id": "1dbc530d",
   "metadata": {},
   "outputs": [
    {
     "name": "stdout",
     "output_type": "stream",
     "text": [
      "[[ 9.99977127e-01  5.69623816e-04 -6.73955442e-03 -1.41781041e-02]\n",
      " [-5.69664081e-04  9.99999838e-01 -4.05491162e-06 -2.54193835e-03]\n",
      " [ 6.73955102e-03  7.89410095e-06  9.99977289e-01  9.28769703e-02]\n",
      " [ 0.00000000e+00  0.00000000e+00  0.00000000e+00  1.00000000e+00]]\n",
      "---\n",
      "[[ 9.99971836e-01  2.66028295e-04 -7.50043488e-03 -1.04087354e-02]\n",
      " [-2.71217740e-04  9.99999725e-01 -6.90877281e-04 -1.11878574e-03]\n",
      " [ 7.50024903e-03  6.92892074e-04  9.99971633e-01  9.77127485e-02]\n",
      " [ 0.00000000e+00  0.00000000e+00  0.00000000e+00  1.00000000e+00]]\n",
      "---\n",
      "[[ 9.99958091e-01  6.02941037e-04 -9.13528901e-03 -1.30801111e-02]\n",
      " [-6.15794525e-04  9.99998824e-01 -1.40426751e-03 -5.04788655e-04]\n",
      " [ 9.13443158e-03  1.40983412e-03  9.99957286e-01  1.03606943e-01]\n",
      " [ 0.00000000e+00  0.00000000e+00  0.00000000e+00  1.00000000e+00]]\n",
      "---\n",
      "[[ 9.99935371e-01  2.05084926e-04 -1.13671222e-02 -1.57364158e-02]\n",
      " [-2.22909118e-04  9.99998748e-01 -1.56680310e-03 -8.87515351e-04]\n",
      " [ 1.13667866e-02  1.56923567e-03  9.99934165e-01  1.14098587e-01]\n",
      " [ 0.00000000e+00  0.00000000e+00  0.00000000e+00  1.00000000e+00]]\n",
      "---\n",
      "[[ 9.99908691e-01 -8.97024230e-05 -1.35130523e-02 -1.77441927e-02]\n",
      " [ 7.75867036e-05  9.99999595e-01 -8.97115408e-04 -9.05530049e-04]\n",
      " [ 1.35131273e-02  8.95985060e-04  9.99908292e-01  1.25975959e-01]\n",
      " [ 0.00000000e+00  0.00000000e+00  0.00000000e+00  1.00000000e+00]]\n",
      "---\n",
      "[[ 9.99867486e-01 -9.23036722e-05 -1.62788734e-02 -1.97617193e-02]\n",
      " [ 9.22130029e-05  9.99999996e-01 -6.32036539e-06 -4.02895414e-04]\n",
      " [ 1.62788739e-02  4.81840406e-06  9.99867490e-01  1.39215773e-01]\n",
      " [ 0.00000000e+00  0.00000000e+00  0.00000000e+00  1.00000000e+00]]\n",
      "---\n",
      "[[ 9.99824629e-01 -1.54397312e-03 -1.86635234e-02 -2.02249581e-02]\n",
      " [ 1.54243109e-03  9.99998806e-01 -9.70170799e-05 -1.18610410e-03]\n",
      " [ 1.86636509e-02  6.82128673e-05  9.99825817e-01  1.50420115e-01]\n",
      " [ 0.00000000e+00  0.00000000e+00  0.00000000e+00  1.00000000e+00]]\n",
      "---\n",
      "[[ 9.99798932e-01 -1.22765344e-03 -2.00147107e-02 -2.25501941e-02]\n",
      " [ 1.22440081e-03  9.99999235e-01 -1.74765441e-04 -2.47005881e-03]\n",
      " [ 2.00149100e-02  1.50224273e-04  9.99799670e-01  1.61314241e-01]\n",
      " [ 0.00000000e+00  0.00000000e+00  0.00000000e+00  1.00000000e+00]]\n",
      "---\n",
      "[[ 9.99749150e-01 -1.08478145e-04 -2.23969950e-02 -2.85300799e-02]\n",
      " [ 1.00907100e-04  9.99999937e-01 -3.39168273e-04 -3.13717681e-03]\n",
      " [ 2.23970304e-02  3.36823177e-04  9.99749098e-01  1.71312688e-01]\n",
      " [ 0.00000000e+00  0.00000000e+00  0.00000000e+00  1.00000000e+00]]\n",
      "---\n",
      "[[ 0.9996954   0.00376295 -0.02439174 -0.03162615]\n",
      " [-0.00379759  0.99999185 -0.00137374 -0.00413076]\n",
      " [ 0.02438637  0.00146595  0.99970153  0.17011888]\n",
      " [ 0.          0.          0.          1.        ]]\n",
      "---\n",
      "[[ 0.99966095  0.00445529 -0.02565433 -0.03843087]\n",
      " [-0.00449711  0.99998865 -0.00157246 -0.00466492]\n",
      " [ 0.02564703  0.00168729  0.99966964  0.18006217]\n",
      " [ 0.          0.          0.          1.        ]]\n",
      "---\n",
      "[[ 0.99961929  0.00314778 -0.02741121 -0.03999735]\n",
      " [-0.00318063  0.99999428 -0.00115471 -0.00507506]\n",
      " [ 0.02740742  0.00124145  0.99962358  0.19235331]\n",
      " [ 0.          0.          0.          1.        ]]\n",
      "---\n",
      "[[ 9.99545999e-01  8.67717648e-04 -3.01171430e-02 -3.59910422e-02]\n",
      " [-8.83384795e-04  9.99999481e-01 -5.06905299e-04 -2.89344835e-03]\n",
      " [ 3.01166876e-02  5.33280190e-04  9.99546247e-01  1.98197043e-01]\n",
      " [ 0.00000000e+00  0.00000000e+00  0.00000000e+00  1.00000000e+00]]\n",
      "---\n",
      "[[ 9.99494680e-01  1.96552014e-03 -3.17257177e-02 -3.89415473e-02]\n",
      " [-1.96167889e-03  9.99998064e-01  1.52202054e-04 -2.84268922e-03]\n",
      " [ 3.17259555e-02 -8.98894730e-05  9.99496601e-01  2.03198597e-01]\n",
      " [ 0.00000000e+00  0.00000000e+00  0.00000000e+00  1.00000000e+00]]\n",
      "---\n",
      "[[ 9.99448615e-01  1.63196080e-03 -3.31632616e-02 -4.14402858e-02]\n",
      " [-1.61585902e-03  9.99998563e-01  5.12325722e-04 -1.64903110e-03]\n",
      " [ 3.31640500e-02 -4.58456078e-04  9.99449816e-01  2.10203294e-01]\n",
      " [ 0.00000000e+00  0.00000000e+00  0.00000000e+00  1.00000000e+00]]\n",
      "---\n",
      "[[ 9.99363730e-01  1.94219092e-03 -3.56140769e-02 -4.00007487e-02]\n",
      " [-1.92647976e-03  9.99998031e-01  4.75460657e-04 -1.07789228e-03]\n",
      " [ 3.56149303e-02 -4.06548337e-04  9.99365504e-01  2.13800703e-01]\n",
      " [ 0.00000000e+00  0.00000000e+00  0.00000000e+00  1.00000000e+00]]\n",
      "---\n",
      "[[ 9.99362706e-01  2.60770400e-03 -3.56003034e-02 -4.13798571e-02]\n",
      " [-2.61540623e-03  9.99996565e-01 -1.69785176e-04 -3.23404471e-03]\n",
      " [ 3.55997383e-02  2.62786229e-04  9.99366094e-01  2.11590161e-01]\n",
      " [ 0.00000000e+00  0.00000000e+00  0.00000000e+00  1.00000000e+00]]\n",
      "---\n",
      "[[ 9.99341249e-01  2.89008378e-03 -3.61761793e-02 -4.22708350e-02]\n",
      " [-2.89593707e-03  9.99995801e-01 -1.09401429e-04 -6.82971460e-04]\n",
      " [ 3.61757113e-02  2.14093299e-04  9.99345422e-01  2.15061994e-01]\n",
      " [ 0.00000000e+00  0.00000000e+00  0.00000000e+00  1.00000000e+00]]\n",
      "---\n",
      "[[ 9.99257596e-01  7.18608932e-04 -3.85193462e-02 -4.05629272e-02]\n",
      " [-7.33402423e-04  9.99999663e-01 -3.69924572e-04  1.06204266e-03]\n",
      " [ 3.85190674e-02  3.97900120e-04  9.99257786e-01  2.22715458e-01]\n",
      " [ 0.00000000e+00  0.00000000e+00  0.00000000e+00  1.00000000e+00]]\n",
      "---\n",
      "[[ 9.99146949e-01 -4.24649985e-03 -4.10772520e-02 -3.42994793e-02]\n",
      " [ 4.17799805e-03  9.99989735e-01 -1.75333670e-03 -7.44072841e-04]\n",
      " [ 4.10842759e-02  1.58022034e-03  9.99154435e-01  2.24366803e-01]\n",
      " [ 0.00000000e+00  0.00000000e+00  0.00000000e+00  1.00000000e+00]]\n",
      "---\n",
      "[[ 0.99903384 -0.00509075 -0.04365172 -0.03417624]\n",
      " [ 0.00503309  0.99998631 -0.0014307  -0.00243032]\n",
      " [ 0.04365841  0.00120962  0.99904578  0.2313476 ]\n",
      " [ 0.          0.          0.          1.        ]]\n",
      "---\n",
      "[[ 9.98874912e-01  4.34668612e-04 -4.74206851e-02 -4.60829028e-02]\n",
      " [-3.21860006e-04  9.99997101e-01  2.38650004e-03 -4.66117011e-03]\n",
      " [ 4.74215849e-02 -2.36855220e-03  9.98872156e-01  2.39699906e-01]\n",
      " [ 0.00000000e+00  0.00000000e+00  0.00000000e+00  1.00000000e+00]]\n",
      "---\n",
      "[[ 0.99867686  0.00500045 -0.0511812  -0.05608322]\n",
      " [-0.00485706  0.99998392  0.00292562 -0.00631685]\n",
      " [ 0.05119501 -0.00267316  0.9986851   0.24119455]\n",
      " [ 0.          0.          0.          1.        ]]\n",
      "---\n",
      "[[ 9.98550728e-01  3.16928931e-03 -5.37252129e-02 -5.55656801e-02]\n",
      " [-3.13823274e-03  9.99994856e-01  6.62415557e-04 -5.56052448e-03]\n",
      " [ 5.37270360e-02 -4.92853315e-04  9.98555538e-01  2.50377223e-01]\n",
      " [ 0.00000000e+00  0.00000000e+00  0.00000000e+00  1.00000000e+00]]\n",
      "---\n",
      "[[ 9.98447861e-01 -4.65444928e-04 -5.56924827e-02 -5.13031235e-02]\n",
      " [ 4.17575943e-04  9.99999533e-01 -8.71157126e-04 -3.12551533e-03]\n",
      " [ 5.56928622e-02  8.46549128e-04  9.98447589e-01  2.61120562e-01]\n",
      " [ 0.00000000e+00  0.00000000e+00  0.00000000e+00  1.00000000e+00]]\n",
      "---\n",
      "[[ 9.98294839e-01 -5.87418745e-03 -5.80767384e-02 -4.42217833e-02]\n",
      " [ 5.85494809e-03  9.99982734e-01 -5.01432416e-04 -1.15713432e-03]\n",
      " [ 5.80786811e-02  1.60541105e-04  9.98311996e-01  2.72545907e-01]\n",
      " [ 0.00000000e+00  0.00000000e+00  0.00000000e+00  1.00000000e+00]]\n",
      "---\n",
      "[[ 9.98256717e-01 -5.05290974e-03 -5.88047187e-02 -4.72602836e-02]\n",
      " [ 5.02385705e-03  9.99987174e-01 -6.41885354e-04 -1.62066680e-03]\n",
      " [ 5.88072079e-02  3.45339865e-04  9.98269299e-01  2.83295924e-01]\n",
      " [ 0.00000000e+00  0.00000000e+00  0.00000000e+00  1.00000000e+00]]\n",
      "---\n",
      "[[ 9.98287336e-01 -2.33094193e-03 -5.84547786e-02 -5.47403125e-02]\n",
      " [ 2.39263410e-03  9.99996652e-01  9.85414663e-04 -1.00182074e-03]\n",
      " [ 5.84522860e-02 -1.12358788e-03  9.98289571e-01  2.96502619e-01]\n",
      " [ 0.00000000e+00  0.00000000e+00  0.00000000e+00  1.00000000e+00]]\n",
      "---\n",
      "[[ 0.99819327 -0.0018223  -0.06005723 -0.05636367]\n",
      " [ 0.00193923  0.99999634  0.0018888   0.00125559]\n",
      " [ 0.06005357 -0.00200185  0.99819315  0.31083998]\n",
      " [ 0.          0.          0.          1.        ]]\n",
      "---\n",
      "[[ 9.98130572e-01 -9.12732030e-04 -6.11107790e-02 -6.01778135e-02]\n",
      " [ 9.86426505e-04  9.99998822e-01  1.17575816e-03  9.22982489e-04]\n",
      " [ 6.11096339e-02 -1.23384146e-03  9.98130297e-01  3.19539511e-01]\n",
      " [ 0.00000000e+00  0.00000000e+00  0.00000000e+00  1.00000000e+00]]\n",
      "---\n",
      "[[ 9.98145884e-01 -1.76014825e-04 -6.08667731e-02 -6.16520657e-02]\n",
      " [ 2.75462602e-04  9.99998641e-01  1.62547267e-03  2.71320337e-04]\n",
      " [ 6.08664042e-02 -1.63922538e-03  9.98144576e-01  3.32095817e-01]\n",
      " [ 0.00000000e+00  0.00000000e+00  0.00000000e+00  1.00000000e+00]]\n",
      "---\n",
      "[[ 9.98135084e-01 -9.01359958e-05 -6.10438062e-02 -6.14931328e-02]\n",
      " [ 2.29494910e-04  9.99997384e-01  2.27592559e-03  1.16423755e-03]\n",
      " [ 6.10434413e-02 -2.28569043e-03  9.98132493e-01  3.50304994e-01]\n",
      " [ 0.00000000e+00  0.00000000e+00  0.00000000e+00  1.00000000e+00]]\n",
      "---\n",
      "[[ 9.98186659e-01  5.34801536e-04 -6.01922524e-02 -6.28463860e-02]\n",
      " [-4.23852376e-04  9.99998188e-01  1.85599931e-03 -1.47384401e-03]\n",
      " [ 6.01931359e-02 -1.82712112e-03  9.98185077e-01  3.54002760e-01]\n",
      " [ 0.00000000e+00  0.00000000e+00  0.00000000e+00  1.00000000e+00]]\n",
      "---\n",
      "[[ 0.99828987 -0.00103928 -0.05844872 -0.0568642 ]\n",
      " [ 0.00125102  0.99999279  0.0035862  -0.00714144]\n",
      " [ 0.05844457 -0.00365318  0.99828397  0.35219461]\n",
      " [ 0.          0.          0.          1.        ]]\n",
      "---\n",
      "[[ 0.99842079 -0.00299676 -0.0560977  -0.04672249]\n",
      " [ 0.00315024  0.99999153  0.00264775 -0.00720964]\n",
      " [ 0.05608929 -0.00282029  0.99842177  0.35426684]\n",
      " [ 0.          0.          0.          1.        ]]\n",
      "---\n",
      "[[ 9.98636928e-01 -9.04231857e-04 -5.21868657e-02 -5.53222763e-02]\n",
      " [ 9.35042644e-04  9.99999403e-01  5.65981417e-04 -5.87386138e-03]\n",
      " [ 5.21863227e-02 -6.14006888e-04  9.98637177e-01  3.80349304e-01]\n",
      " [ 0.00000000e+00  0.00000000e+00  0.00000000e+00  1.00000000e+00]]\n",
      "---\n",
      "[[ 9.98842615e-01  3.60764295e-03 -4.79626376e-02 -6.34752160e-02]\n",
      " [-3.58935119e-03  9.99993449e-01  4.67496973e-04 -4.27390079e-03]\n",
      " [ 4.79640100e-02 -2.94801149e-04  9.98849021e-01  3.96497032e-01]\n",
      " [ 0.00000000e+00  0.00000000e+00  0.00000000e+00  1.00000000e+00]]\n",
      "---\n",
      "[[ 9.99083473e-01  3.17685519e-03 -4.26863270e-02 -5.88413193e-02]\n",
      " [-3.18407049e-03  9.99994926e-01 -1.01042495e-04 -8.00444876e-04]\n",
      " [ 4.26857894e-02  2.36866160e-04  9.99088518e-01  4.24824108e-01]\n",
      " [ 0.00000000e+00  0.00000000e+00  0.00000000e+00  1.00000000e+00]]\n",
      "---\n",
      "[[ 0.99927363  0.0023152  -0.03803738 -0.04993136]\n",
      " [-0.00237961  0.99999581 -0.00164807 -0.002243  ]\n",
      " [ 0.03803341  0.00173739  0.99927496  0.43675446]\n",
      " [ 0.          0.          0.          1.        ]]\n",
      "---\n",
      "[[ 9.99403017e-01 -1.69205008e-04 -3.45482293e-02 -4.19839402e-02]\n",
      " [ 7.55238608e-05  9.99996317e-01 -2.71289189e-03 -3.49059973e-03]\n",
      " [ 3.45485611e-02  2.70866312e-03  9.99399350e-01  4.58681845e-01]\n",
      " [ 0.00000000e+00  0.00000000e+00  0.00000000e+00  1.00000000e+00]]\n",
      "---\n",
      "[[ 9.99506728e-01  2.44965547e-04 -3.14044672e-02 -3.97299832e-02]\n",
      " [-3.31965647e-04  9.99996122e-01 -2.76512574e-03 -4.65552699e-03]\n",
      " [ 3.14036681e-02  2.77418698e-03  9.99502933e-01  4.75038213e-01]\n",
      " [ 0.00000000e+00  0.00000000e+00  0.00000000e+00  1.00000000e+00]]\n",
      "---\n",
      "[[ 9.99646972e-01  9.29603614e-04 -2.65531142e-02 -3.50046763e-02]\n",
      " [-9.78671465e-04  9.99997838e-01 -1.83497732e-03 -4.34738460e-03]\n",
      " [ 2.65513510e-02  1.86031630e-03  9.99645720e-01  4.88165612e-01]\n",
      " [ 0.00000000e+00  0.00000000e+00  0.00000000e+00  1.00000000e+00]]\n",
      "---\n",
      "[[ 9.99780703e-01  9.26571666e-04 -2.09209647e-02 -2.62724748e-02]\n",
      " [-9.77742195e-04  9.99996555e-01 -2.43580091e-03  3.82272184e-04]\n",
      " [ 2.09186357e-02  2.45572206e-03  9.99778165e-01  4.96156234e-01]\n",
      " [ 0.00000000e+00  0.00000000e+00  0.00000000e+00  1.00000000e+00]]\n",
      "---\n",
      "[[ 9.99867189e-01 -2.67395735e-04 -1.62951904e-02 -2.28765430e-02]\n",
      " [ 2.51286406e-04  9.99999478e-01 -9.90633584e-04  4.08082689e-03]\n",
      " [ 1.62954468e-02  9.86407257e-04  9.99866734e-01  5.25339373e-01]\n",
      " [ 0.00000000e+00  0.00000000e+00  0.00000000e+00  1.00000000e+00]]\n",
      "---\n",
      "[[ 9.99912261e-01 -7.56341257e-04 -1.32248956e-02 -1.42331969e-02]\n",
      " [ 7.61265552e-04  9.99999643e-01  3.67320348e-04 -1.55265107e-03]\n",
      " [ 1.32246131e-02 -3.77355778e-04  9.99912480e-01  5.35520672e-01]\n",
      " [ 0.00000000e+00  0.00000000e+00  0.00000000e+00  1.00000000e+00]]\n",
      "---\n",
      "[[ 0.99995227  0.00138228 -0.00967197 -0.0169782 ]\n",
      " [-0.00137017  0.99999827  0.0012579  -0.00813531]\n",
      " [ 0.00967369 -0.00124459  0.99995243  0.55939158]\n",
      " [ 0.          0.          0.          1.        ]]\n",
      "---\n",
      "[[ 0.99997502  0.0022038  -0.0067164  -0.01596276]\n",
      " [-0.0021934   0.99999639  0.00155485 -0.01023024]\n",
      " [ 0.0067198  -0.00154008  0.99997624  0.57399789]\n",
      " [ 0.          0.          0.          1.        ]]\n",
      "---\n",
      "[[ 9.99989282e-01 -1.71620869e-04 -4.62680641e-03 -8.90703822e-03]\n",
      " [ 1.75909129e-04  9.99999555e-01  9.26438288e-04 -4.01132009e-03]\n",
      " [ 4.62664536e-03 -9.27242255e-04  9.99988867e-01  5.98283081e-01]\n",
      " [ 0.00000000e+00  0.00000000e+00  0.00000000e+00  1.00000000e+00]]\n",
      "---\n",
      "[[ 9.99995971e-01 -2.28996833e-03 -1.67778565e-03  5.38504310e-04]\n",
      " [ 2.29059469e-03  9.99997308e-01  3.71501830e-04 -1.08105884e-03]\n",
      " [ 1.67693041e-03 -3.75343460e-04  9.99998524e-01  6.08362084e-01]\n",
      " [ 0.00000000e+00  0.00000000e+00  0.00000000e+00  1.00000000e+00]]\n",
      "---\n",
      "[[ 9.99997614e-01 -2.06962158e-03  6.99143438e-04  1.37948578e-03]\n",
      " [ 2.06828206e-03  9.99996035e-01  1.91125223e-03 -2.77183070e-03]\n",
      " [-7.03096234e-04 -1.90980164e-03  9.99997929e-01  6.25990137e-01]\n",
      " [ 0.00000000e+00  0.00000000e+00  0.00000000e+00  1.00000000e+00]]\n",
      "---\n",
      "[[ 9.99998910e-01  6.25094181e-04  1.33787089e-03 -1.44156639e-03]\n",
      " [-6.28493036e-04  9.99996573e-01  2.54158449e-03 -8.38719181e-03]\n",
      " [-1.33627757e-03 -2.54242256e-03  9.99995875e-01  6.40289160e-01]\n",
      " [ 0.00000000e+00  0.00000000e+00  0.00000000e+00  1.00000000e+00]]\n",
      "---\n",
      "[[ 9.99995894e-01  2.22634557e-03  1.80399888e-03 -6.81310158e-03]\n",
      " [-2.22660742e-03  9.99997511e-01  1.43153291e-04 -9.12024914e-03]\n",
      " [-1.80367568e-03 -1.47169501e-04  9.99998363e-01  6.55519486e-01]\n",
      " [ 0.00000000e+00  0.00000000e+00  0.00000000e+00  1.00000000e+00]]\n",
      "---\n",
      "[[ 0.99999755  0.00161884  0.00150782 -0.0032112 ]\n",
      " [-0.00161521  0.9999958  -0.00240733 -0.00717902]\n",
      " [-0.00151171  0.00240489  0.99999597  0.66629077]\n",
      " [ 0.          0.          0.          1.        ]]\n",
      "---\n",
      "[[ 9.99999086e-01  2.18349316e-04  1.33450190e-03 -3.34952970e-03]\n",
      " [-2.18099562e-04  9.99999959e-01 -1.87294180e-04 -1.35504964e-03]\n",
      " [-1.33454274e-03  1.87002954e-04  9.99999092e-01  6.84684060e-01]\n",
      " [ 0.00000000e+00  0.00000000e+00  0.00000000e+00  1.00000000e+00]]\n",
      "---\n",
      "[[ 9.99998362e-01 -3.36654450e-04  1.77825705e-03 -1.72234233e-03]\n",
      " [ 3.32017441e-04  9.99996546e-01  2.60726610e-03 -1.05353687e-03]\n",
      " [-1.77912866e-03 -2.60667142e-03  9.99995020e-01  7.04249210e-01]\n",
      " [ 0.00000000e+00  0.00000000e+00  0.00000000e+00  1.00000000e+00]]\n",
      "---\n",
      "[[ 9.99997660e-01  9.16488072e-04  1.95950873e-03 -4.66183525e-03]\n",
      " [-9.23399902e-04  9.99993346e-01  3.52933784e-03 -5.73349250e-03]\n",
      " [-1.95626109e-03 -3.53113899e-03  9.99991852e-01  7.20394275e-01]\n",
      " [ 0.00000000e+00  0.00000000e+00  0.00000000e+00  1.00000000e+00]]\n",
      "---\n",
      "[[ 9.99998434e-01  2.46323073e-04  1.75228992e-03 -1.06621077e-03]\n",
      " [-2.50044138e-04  9.99997714e-01  2.12364174e-03 -1.15465034e-02]\n",
      " [-1.75176281e-03 -2.12407656e-03  9.99996210e-01  7.29706911e-01]\n",
      " [ 0.00000000e+00  0.00000000e+00  0.00000000e+00  1.00000000e+00]]\n",
      "---\n",
      "[[ 9.99996909e-01  1.66341600e-03  1.84822834e-03 -4.82817689e-03]\n",
      " [-1.66243924e-03  9.99998478e-01 -5.29894024e-04 -8.97505527e-03]\n",
      " [-1.84910696e-03  5.26819819e-04  9.99998152e-01  7.43042745e-01]\n",
      " [ 0.00000000e+00  0.00000000e+00  0.00000000e+00  1.00000000e+00]]\n",
      "---\n",
      "[[ 0.99999553  0.00240384  0.0017801  -0.0060519 ]\n",
      " [-0.00239853  0.99999269 -0.0029788  -0.00714493]\n",
      " [-0.00178725  0.00297452  0.99999398  0.756406  ]\n",
      " [ 0.          0.          0.          1.        ]]\n",
      "---\n",
      "[[ 9.99998578e-01  8.24952564e-04  1.47078670e-03 -2.48533219e-03]\n",
      " [-8.24029378e-04  9.99999463e-01 -6.28177379e-04 -5.15648029e-03]\n",
      " [-1.47130412e-03  6.26964515e-04  9.99998721e-01  7.70652764e-01]\n",
      " [ 0.00000000e+00  0.00000000e+00  0.00000000e+00  1.00000000e+00]]\n",
      "---\n",
      "[[ 9.99995654e-01 -2.56467627e-03  1.45426503e-03  3.35930029e-04]\n",
      " [ 2.56160620e-03  9.99994495e-01  2.10903068e-03 -7.06638616e-03]\n",
      " [-1.45966600e-03 -2.10529626e-03  9.99996719e-01  7.88171594e-01]\n",
      " [ 0.00000000e+00  0.00000000e+00  0.00000000e+00  1.00000000e+00]]\n",
      "---\n",
      "[[ 9.99996739e-01 -2.35579711e-03  9.85747306e-04  6.61397521e-04]\n",
      " [ 2.35388291e-03  9.99995351e-01  1.93855445e-03 -1.04725218e-02]\n",
      " [-9.90309564e-04 -1.93622779e-03  9.99997635e-01  7.95457771e-01]\n",
      " [ 0.00000000e+00  0.00000000e+00  0.00000000e+00  1.00000000e+00]]\n",
      "---\n",
      "[[ 0.99999872 -0.00107707  0.00118203 -0.00341525]\n",
      " [ 0.00107519  0.99999815  0.00159238 -0.01204612]\n",
      " [-0.00118374 -0.00159111  0.99999803  0.80388179]\n",
      " [ 0.          0.          0.          1.        ]]\n",
      "---\n",
      "[[ 9.99999799e-01 -1.04731973e-04  6.25946985e-04 -4.53845073e-03]\n",
      " [ 1.07651108e-04  9.99989111e-01 -4.66533810e-03 -1.60478753e-02]\n",
      " [-6.25451559e-04  4.66540454e-03  9.99988921e-01  8.02554618e-01]\n",
      " [ 0.00000000e+00  0.00000000e+00  0.00000000e+00  1.00000000e+00]]\n",
      "---\n",
      "[[ 9.99998924e-01 -1.45645981e-03  1.77048458e-04 -3.29277234e-03]\n",
      " [ 1.45767825e-03  9.99973814e-01 -7.08854227e-03 -1.49731325e-02]\n",
      " [-1.66719645e-04  7.08879272e-03  9.99974860e-01  8.10771373e-01]\n",
      " [ 0.00000000e+00  0.00000000e+00  0.00000000e+00  1.00000000e+00]]\n",
      "---\n",
      "[[ 9.99995308e-01 -3.05933104e-03 -1.53301749e-04 -1.99455067e-03]\n",
      " [ 3.05856708e-03  9.99984004e-01 -4.75775019e-03 -8.91185885e-03]\n",
      " [ 1.67854829e-04  4.75725899e-03  9.99988670e-01  8.12020963e-01]\n",
      " [ 0.00000000e+00  0.00000000e+00  0.00000000e+00  1.00000000e+00]]\n",
      "---\n",
      "[[ 9.99999186e-01 -1.12563209e-03 -6.01407704e-04 -2.51269092e-03]\n",
      " [ 1.12603796e-03  9.99999138e-01  6.74962963e-04 -4.39709809e-03]\n",
      " [ 6.00647426e-04 -6.75639621e-04  9.99999591e-01  8.28400726e-01]\n",
      " [ 0.00000000e+00  0.00000000e+00  0.00000000e+00  1.00000000e+00]]\n",
      "---\n",
      "[[ 9.99999957e-01  2.91699668e-04  1.02919570e-05 -8.56464313e-03]\n",
      " [-2.91768571e-04  9.99971908e-01  7.48981911e-03 -8.64354164e-03]\n",
      " [-8.10689015e-06 -7.48982179e-03  9.99971951e-01  8.43622965e-01]\n",
      " [ 0.00000000e+00  0.00000000e+00  0.00000000e+00  1.00000000e+00]]\n",
      "---\n",
      "[[ 9.99999087e-01  1.29648173e-03 -3.81150744e-04 -5.59984162e-03]\n",
      " [-1.29368331e-03  9.99972861e-01  7.25282273e-03 -9.25923346e-03]\n",
      " [ 3.90543552e-04 -7.25232302e-03  9.99973625e-01  8.45730379e-01]\n",
      " [ 0.00000000e+00  0.00000000e+00  0.00000000e+00  1.00000000e+00]]\n",
      "---\n",
      "[[ 9.99998207e-01  1.87355257e-03 -2.75598496e-04 -9.50328351e-03]\n",
      " [-1.87202259e-03  9.99983392e-01  5.45076067e-03 -1.35154381e-02]\n",
      " [ 2.85806206e-04 -5.45023497e-03  9.99985107e-01  8.49143706e-01]\n",
      " [ 0.00000000e+00  0.00000000e+00  0.00000000e+00  1.00000000e+00]]\n",
      "---\n",
      "[[ 9.99998419e-01  1.75806796e-03 -2.65522379e-04 -9.49043978e-03]\n",
      " [-1.75796876e-03  9.99998385e-01  3.73366756e-04 -1.75589907e-02]\n",
      " [ 2.66178354e-04 -3.72899386e-04  9.99999895e-01  8.43205799e-01]\n",
      " [ 0.00000000e+00  0.00000000e+00  0.00000000e+00  1.00000000e+00]]\n",
      "---\n",
      "[[ 9.99999918e-01  1.47523543e-04 -3.76892118e-04 -5.32628256e-03]\n",
      " [-1.48854436e-04  9.99993746e-01 -3.53364717e-03 -1.68916930e-02]\n",
      " [ 3.76368465e-04  3.53370298e-03  9.99993686e-01  8.35814339e-01]\n",
      " [ 0.00000000e+00  0.00000000e+00  0.00000000e+00  1.00000000e+00]]\n",
      "---\n",
      "[[ 9.99999900e-01  1.47248225e-04 -4.21845320e-04 -5.46185620e-03]\n",
      " [-1.48416256e-04  9.99996152e-01 -2.77017038e-03 -1.25820072e-02]\n",
      " [ 4.21435794e-04  2.77023272e-03  9.99996074e-01  8.37321510e-01]\n",
      " [ 0.00000000e+00  0.00000000e+00  0.00000000e+00  1.00000000e+00]]\n",
      "---\n",
      "[[ 9.99998929e-01  1.46325162e-03 -1.52342198e-05 -1.25938617e-02]\n",
      " [-1.46323139e-03  9.99998145e-01  1.25260121e-03 -1.07966294e-02]\n",
      " [ 1.70670623e-05 -1.25257758e-03  9.99999215e-01  8.50035954e-01]\n",
      " [ 0.00000000e+00  0.00000000e+00  0.00000000e+00  1.00000000e+00]]\n",
      "---\n",
      "[[ 9.99999792e-01  6.41166350e-04  6.37714555e-05 -6.57931959e-03]\n",
      " [-6.41313711e-04  9.99997061e-01  2.33823258e-03 -1.40800637e-02]\n",
      " [-6.22720720e-05 -2.33827299e-03  9.99997264e-01  8.41923009e-01]\n",
      " [ 0.00000000e+00  0.00000000e+00  0.00000000e+00  1.00000000e+00]]\n",
      "---\n",
      "[[ 9.99999761e-01  6.89797028e-04  5.38243601e-05 -6.65032105e-03]\n",
      " [-6.89707738e-04  9.99998415e-01 -1.64165469e-03 -1.82990087e-02]\n",
      " [-5.49566833e-05  1.64161717e-03  9.99998651e-01  8.36339806e-01]\n",
      " [ 0.00000000e+00  0.00000000e+00  0.00000000e+00  1.00000000e+00]]\n",
      "---\n",
      "[[ 9.99999586e-01  8.05640449e-04  4.22792600e-04 -6.49415332e-03]\n",
      " [-8.03433083e-04  9.99986181e-01 -5.19537401e-03 -1.48517575e-02]\n",
      " [-4.26972361e-04  5.19503217e-03  9.99986415e-01  8.30687439e-01]\n",
      " [ 0.00000000e+00  0.00000000e+00  0.00000000e+00  1.00000000e+00]]\n",
      "---\n",
      "[[ 9.99999188e-01  1.27197716e-03  7.28961014e-05 -3.09845730e-03]\n",
      " [-1.27165662e-03  9.99990201e-01 -4.24047673e-03 -9.76811199e-03]\n",
      " [-7.82891766e-05  4.24038059e-03  9.99991006e-01  8.31121365e-01]\n",
      " [ 0.00000000e+00  0.00000000e+00  0.00000000e+00  1.00000000e+00]]\n",
      "---\n",
      "[[ 9.99999793e-01 -3.42164897e-04  5.44865557e-04 -7.32151141e-03]\n",
      " [ 3.41766395e-04  9.99999674e-01  7.31300913e-04 -1.30076733e-02]\n",
      " [-5.45115605e-04 -7.31114545e-04  9.99999584e-01  8.37781152e-01]\n",
      " [ 0.00000000e+00  0.00000000e+00  0.00000000e+00  1.00000000e+00]]\n",
      "---\n",
      "[[ 9.99999275e-01 -1.04257547e-03  6.03193118e-04 -5.74417243e-03]\n",
      " [ 1.04112200e-03  9.99996566e-01  2.40493786e-03 -1.57147357e-02]\n",
      " [-6.05698376e-04 -2.40430812e-03  9.99996926e-01  8.38353568e-01]\n",
      " [ 0.00000000e+00  0.00000000e+00  0.00000000e+00  1.00000000e+00]]\n",
      "---\n",
      "[[ 9.99999866e-01 -3.50622340e-04  3.81282425e-04 -6.19950486e-03]\n",
      " [ 3.48780463e-04  9.99988322e-01  4.82012584e-03 -1.09091177e-02]\n",
      " [-3.82968016e-04 -4.81999221e-03  9.99988310e-01  8.50799662e-01]\n",
      " [ 0.00000000e+00  0.00000000e+00  0.00000000e+00  1.00000000e+00]]\n",
      "---\n",
      "[[ 9.99999401e-01 -9.10357246e-04  6.07848089e-04 -5.49346155e-03]\n",
      " [ 9.07056923e-04  9.99984966e-01  5.40789740e-03 -1.09163751e-02]\n",
      " [-6.12762069e-04 -5.40734280e-03  9.99985192e-01  8.43157799e-01]\n",
      " [ 0.00000000e+00  0.00000000e+00  0.00000000e+00  1.00000000e+00]]\n",
      "---\n",
      "[[ 9.99999965e-01  1.15508937e-04 -2.36370920e-04 -4.63887067e-03]\n",
      " [-1.14757956e-04  9.99994954e-01  3.17468268e-03 -1.68087578e-02]\n",
      " [ 2.36736431e-04 -3.17465545e-03  9.99994933e-01  8.40335059e-01]\n",
      " [ 0.00000000e+00  0.00000000e+00  0.00000000e+00  1.00000000e+00]]\n",
      "---\n",
      "[[ 9.99999914e-01 -3.65995473e-04  1.97351095e-04 -2.35045607e-03]\n",
      " [ 3.66038296e-04  9.99999909e-01 -2.16999856e-04 -1.57302785e-02]\n",
      " [-1.97271656e-04  2.17072076e-04  9.99999957e-01  8.30188577e-01]\n",
      " [ 0.00000000e+00  0.00000000e+00  0.00000000e+00  1.00000000e+00]]\n",
      "---\n",
      "[[ 9.99999956e-01 -2.96071594e-04  9.09174453e-06 -8.89316010e-04]\n",
      " [ 2.96109353e-04  9.99989921e-01 -4.47996610e-03 -1.45488124e-02]\n",
      " [-7.76526219e-06  4.47996859e-03  9.99989965e-01  8.20405007e-01]\n",
      " [ 0.00000000e+00  0.00000000e+00  0.00000000e+00  1.00000000e+00]]\n",
      "---\n",
      "[[ 9.99999365e-01  1.03268372e-03  4.51202438e-04 -9.40363560e-03]\n",
      " [-1.03070269e-03  9.99989925e-01 -4.36895749e-03 -1.45868248e-02]\n",
      " [-4.55709643e-04  4.36848966e-03  9.99990354e-01  8.34237018e-01]\n",
      " [ 0.00000000e+00  0.00000000e+00  0.00000000e+00  1.00000000e+00]]\n",
      "---\n",
      "[[ 9.99992455e-01  3.87694396e-03  2.42046142e-04 -1.09468991e-02]\n",
      " [-3.87630632e-03  9.99989155e-01 -2.58149797e-03 -1.29527746e-02]\n",
      " [-2.52051840e-04  2.58054025e-03  9.99996639e-01  8.28767574e-01]\n",
      " [ 0.00000000e+00  0.00000000e+00  0.00000000e+00  1.00000000e+00]]\n",
      "---\n",
      "[[ 9.99994710e-01  3.22443209e-03 -4.28110731e-04 -1.29927548e-02]\n",
      " [-3.22514031e-03  9.99993415e-01 -1.66403086e-03 -1.15483487e-02]\n",
      " [ 4.22742358e-04  1.66540277e-03  9.99998524e-01  8.38341065e-01]\n",
      " [ 0.00000000e+00  0.00000000e+00  0.00000000e+00  1.00000000e+00]]\n",
      "---\n",
      "[[ 9.99997242e-01 -2.24354373e-03 -6.94621474e-04 -8.09588647e-03]\n",
      " [ 2.24197696e-03  9.99994960e-01 -2.24818632e-03 -1.55981309e-02]\n",
      " [ 6.99661877e-04  2.24662279e-03  9.99997232e-01  8.36670153e-01]\n",
      " [ 0.00000000e+00  0.00000000e+00  0.00000000e+00  1.00000000e+00]]\n",
      "---\n",
      "[[ 0.99999353 -0.00334391 -0.00132807 -0.00130234]\n",
      " [ 0.00333851  0.99998621 -0.00405271 -0.01501854]\n",
      " [ 0.00134161  0.00404825  0.99999091  0.82352168]\n",
      " [ 0.          0.          0.          1.        ]]\n",
      "---\n",
      "[[ 9.99990365e-01 -4.30142614e-03 -8.75646224e-04 -3.12418477e-04]\n",
      " [ 4.29966219e-03  9.99988743e-01 -2.00646499e-03 -8.70353246e-03]\n",
      " [ 8.84267028e-04  2.00268068e-03  9.99997604e-01  8.22086542e-01]\n",
      " [ 0.00000000e+00  0.00000000e+00  0.00000000e+00  1.00000000e+00]]\n",
      "---\n",
      "[[ 9.99998271e-01 -3.29154551e-04 -1.83011269e-03 -8.71189748e-03]\n",
      " [ 3.35304893e-04  9.99994294e-01  3.36134473e-03 -1.08448731e-02]\n",
      " [ 1.82899585e-03 -3.36195256e-03  9.99992676e-01  8.25893329e-01]\n",
      " [ 0.00000000e+00  0.00000000e+00  0.00000000e+00  1.00000000e+00]]\n",
      "---\n",
      "[[ 0.99999548 -0.00237398 -0.00184464 -0.00276261]\n",
      " [ 0.00238512  0.99997877  0.00606399 -0.01468998]\n",
      " [ 0.0018302  -0.00606837  0.99997991  0.82422484]\n",
      " [ 0.          0.          0.          1.        ]]\n",
      "---\n",
      "[[ 0.9999967  -0.00169621 -0.00193154 -0.0040021 ]\n",
      " [ 0.00170305  0.99999225  0.00354843 -0.0166971 ]\n",
      " [ 0.00192551 -0.00355171  0.99999184  0.82180238]\n",
      " [ 0.          0.          0.          1.        ]]\n",
      "---\n",
      "[[ 9.99998944e-01  2.65211029e-05 -1.45294731e-03 -6.68931787e-03]\n",
      " [-2.79230641e-05  9.99999534e-01 -9.64896724e-04 -1.71322436e-02]\n",
      " [ 1.45292104e-03  9.64936276e-04  9.99998479e-01  8.08999372e-01]\n",
      " [ 0.00000000e+00  0.00000000e+00  0.00000000e+00  1.00000000e+00]]\n",
      "---\n",
      "[[ 9.99993885e-01  3.38019948e-03 -8.96932003e-04 -1.41637286e-02]\n",
      " [-3.38345914e-03  9.99987586e-01 -3.65795128e-03 -1.89161775e-02]\n",
      " [ 8.84556263e-04  3.66096365e-03  9.99992907e-01  8.03454084e-01]\n",
      " [ 0.00000000e+00  0.00000000e+00  0.00000000e+00  1.00000000e+00]]\n",
      "---\n",
      "[[ 0.99998758  0.00485149 -0.00114326 -0.01602015]\n",
      " [-0.00485527  0.99998266 -0.00333176 -0.01363588]\n",
      " [ 0.00112707  0.00333727  0.9999938   0.79964777]\n",
      " [ 0.          0.          0.          1.        ]]\n",
      "---\n",
      "[[ 0.99998958  0.00439673 -0.00122936 -0.01310138]\n",
      " [-0.0043982   0.99998961 -0.0011949  -0.01304707]\n",
      " [ 0.0012241   0.00120029  0.99999853  0.79331649]\n",
      " [ 0.          0.          0.          1.        ]]\n",
      "---\n",
      "[[ 0.99999818  0.0015966  -0.00104359 -0.01033098]\n",
      " [-0.0015953   0.99999795  0.00124651 -0.0148198 ]\n",
      " [ 0.00104558 -0.00124484  0.99999868  0.79767771]\n",
      " [ 0.          0.          0.          1.        ]]\n",
      "---\n",
      "[[ 9.99999408e-01 -2.35438020e-04 -1.06235868e-03 -5.58316634e-03]\n",
      " [ 2.37003590e-04  9.99998886e-01  1.47378835e-03 -1.43283119e-02]\n",
      " [ 1.06201051e-03 -1.47403926e-03  9.99998350e-01  7.90935255e-01]\n",
      " [ 0.00000000e+00  0.00000000e+00  0.00000000e+00  1.00000000e+00]]\n",
      "---\n",
      "[[ 9.99997708e-01  1.91388675e-03 -9.59418801e-04 -8.65663931e-03]\n",
      " [-1.91421061e-03  9.99998111e-01 -3.36752364e-04 -1.57802464e-02]\n",
      " [ 9.58772483e-04  3.38588122e-04  9.99999483e-01  7.88356603e-01]\n",
      " [ 0.00000000e+00  0.00000000e+00  0.00000000e+00  1.00000000e+00]]\n",
      "---\n",
      "[[ 9.99999561e-01  7.70852331e-04 -5.33138716e-04 -9.87700369e-03]\n",
      " [-7.70923756e-04  9.99999694e-01 -1.33778907e-04 -1.52764630e-02]\n",
      " [ 5.33035429e-04  1.34189858e-04  9.99999849e-01  7.83624626e-01]\n",
      " [ 0.00000000e+00  0.00000000e+00  0.00000000e+00  1.00000000e+00]]\n",
      "---\n",
      "[[ 9.99998620e-01 -1.53979506e-03 -6.24401354e-04 -5.95883946e-03]\n",
      " [ 1.54075257e-03  9.99997634e-01  1.53592093e-03 -1.24711900e-02]\n",
      " [ 6.22034873e-04 -1.53688086e-03  9.99998626e-01  7.86030520e-01]\n",
      " [ 0.00000000e+00  0.00000000e+00  0.00000000e+00  1.00000000e+00]]\n",
      "---\n",
      "[[ 9.99999465e-01 -9.87535678e-04 -3.08702458e-04 -4.75888737e-03]\n",
      " [ 9.88371898e-04  9.99995811e-01  2.72051109e-03 -1.16289717e-02]\n",
      " [ 3.06014563e-04 -2.72081474e-03  9.99996252e-01  7.75626644e-01]\n",
      " [ 0.00000000e+00  0.00000000e+00  0.00000000e+00  1.00000000e+00]]\n",
      "---\n",
      "[[ 9.99999961e-01  2.02974563e-04 -1.93251146e-04 -6.38024353e-03]\n",
      " [-2.02164207e-04  9.99991226e-01  4.18410422e-03 -1.51394845e-02]\n",
      " [ 1.94098718e-04 -4.18406499e-03  9.99991228e-01  7.69959090e-01]\n",
      " [ 0.00000000e+00  0.00000000e+00  0.00000000e+00  1.00000000e+00]]\n",
      "---\n",
      "[[ 9.99999797e-01 -1.08780405e-05 -6.37290601e-04 -4.71540909e-03]\n",
      " [ 1.21724549e-05  9.99997937e-01  2.03115239e-03 -1.63999797e-02]\n",
      " [ 6.37267192e-04 -2.03115974e-03  9.99997734e-01  7.64328034e-01]\n",
      " [ 0.00000000e+00  0.00000000e+00  0.00000000e+00  1.00000000e+00]]\n",
      "---\n",
      "[[ 9.99999534e-01 -4.82101831e-04 -8.36801897e-04 -3.07924895e-03]\n",
      " [ 4.82038766e-04  9.99999881e-01 -7.55640375e-05 -1.78359058e-02]\n",
      " [ 8.36838227e-04  7.51606313e-05  9.99999647e-01  7.54726251e-01]\n",
      " [ 0.00000000e+00  0.00000000e+00  0.00000000e+00  1.00000000e+00]]\n",
      "---\n",
      "[[ 9.99999437e-01 -9.43528717e-04 -4.86447807e-04 -6.06782877e-03]\n",
      " [ 9.42488685e-04  9.99997279e-01 -2.13382879e-03 -1.70813344e-02]\n",
      " [ 4.88459813e-04  2.13336912e-03  9.99997605e-01  7.52370689e-01]\n",
      " [ 0.00000000e+00  0.00000000e+00  0.00000000e+00  1.00000000e+00]]\n",
      "---\n",
      "[[ 9.99999828e-01 -4.37748548e-04 -3.89792642e-04 -3.98550057e-03]\n",
      " [ 4.36318968e-04  9.99993207e-01 -3.66010202e-03 -1.62964145e-02]\n",
      " [ 3.91392199e-04  3.65993132e-03  9.99993226e-01  7.38761650e-01]\n",
      " [ 0.00000000e+00  0.00000000e+00  0.00000000e+00  1.00000000e+00]]\n",
      "---\n",
      "[[ 9.99999986e-01  1.61787353e-04  3.77319536e-05 -5.27793028e-03]\n",
      " [-1.61679065e-04  9.99995919e-01 -2.85249874e-03 -1.57426621e-02]\n",
      " [-3.81932978e-05  2.85249260e-03  9.99995931e-01  7.28371338e-01]\n",
      " [ 0.00000000e+00  0.00000000e+00  0.00000000e+00  1.00000000e+00]]\n",
      "---\n",
      "[[ 9.99999276e-01  4.42376289e-04  1.11884059e-03 -5.83874415e-03]\n",
      " [-4.39718707e-04  9.99997084e-01 -2.37443214e-03 -1.36226396e-02]\n",
      " [-1.11988772e-03  2.37393845e-03  9.99996555e-01  7.18091925e-01]\n",
      " [ 0.00000000e+00  0.00000000e+00  0.00000000e+00  1.00000000e+00]]\n",
      "---\n",
      "[[ 9.99995478e-01  2.07116511e-03  2.18049211e-03 -5.72573593e-03]\n",
      " [-2.06977504e-03  9.99997653e-01 -6.39570158e-04 -1.30637511e-02]\n",
      " [-2.18181165e-03  6.35054137e-04  9.99997418e-01  7.05949488e-01]\n",
      " [ 0.00000000e+00  0.00000000e+00  0.00000000e+00  1.00000000e+00]]\n",
      "---\n",
      "[[ 9.99992006e-01  1.80391759e-04  3.99440604e-03 -8.99065637e-04]\n",
      " [-1.84023839e-04  9.99999570e-01  9.08942714e-04 -1.38461890e-02]\n",
      " [-3.99424035e-03 -9.09670514e-04  9.99991609e-01  6.81513614e-01]\n",
      " [ 0.00000000e+00  0.00000000e+00  0.00000000e+00  1.00000000e+00]]\n",
      "---\n",
      "[[ 0.9999833  -0.00108081  0.00567677  0.00437638]\n",
      " [ 0.00107269  0.9999984   0.00143392 -0.01258031]\n",
      " [-0.00567831 -0.0014278   0.99998286  0.66890606]\n",
      " [ 0.          0.          0.          1.        ]]\n",
      "---\n",
      "[[ 0.99997421 -0.001121    0.00709411  0.00488285]\n",
      " [ 0.00111109  0.9999984   0.00140046 -0.01335589]\n",
      " [-0.00709567 -0.00139254  0.99997386  0.65663724]\n",
      " [ 0.          0.          0.          1.        ]]\n",
      "---\n",
      "[[ 9.99960962e-01  7.56378413e-04  8.80358908e-03  4.26359204e-03]\n",
      " [-7.68429634e-04  9.99998772e-01  1.36559659e-03 -1.56926167e-02]\n",
      " [-8.80254537e-03 -1.37230822e-03  9.99960315e-01  6.40632290e-01]\n",
      " [ 0.00000000e+00  0.00000000e+00  0.00000000e+00  1.00000000e+00]]\n",
      "---\n",
      "[[ 0.99992732  0.00181045  0.01191996  0.00451268]\n",
      " [-0.00183102  0.99999685  0.00171517 -0.01442413]\n",
      " [-0.01191682 -0.00173687  0.99992748  0.62568932]\n",
      " [ 0.          0.          0.          1.        ]]\n",
      "---\n",
      "[[ 0.99988915  0.00243813  0.01468815  0.01172148]\n",
      " [-0.00246147  0.99999574  0.00157118 -0.01204453]\n",
      " [-0.01468425 -0.00160716  0.99989089  0.61217886]\n",
      " [ 0.          0.          0.          1.        ]]\n",
      "---\n",
      "[[ 9.99830182e-01  8.63669261e-04  1.84082016e-02  1.25527034e-02]\n",
      " [-8.86460085e-04  9.99998851e-01  1.22995604e-03 -1.25054122e-02]\n",
      " [-1.84071181e-02 -1.24606531e-03  9.99829798e-01  5.94640844e-01]\n",
      " [ 0.00000000e+00  0.00000000e+00  0.00000000e+00  1.00000000e+00]]\n",
      "---\n",
      "[[ 9.99756068e-01  6.25640357e-05  2.20862043e-02  2.09410923e-02]\n",
      " [-8.02468475e-05  9.99999677e-01  7.99741641e-04 -1.32615396e-02]\n",
