0.9999999999999999 -6.424973705203675e-20 4.1338077682425126e-19 -1.1102230246251565e-16 -9.700417165756624e-20 0.9999999999999999 -2.2124727870976857e-18 2.7755575615628914e-17 -3.026685040671867e-19 -7.586766576462757e-19 1.0 0.0
0.9999835876111374 0.0005794557836204425 -0.006011750742863997 -0.008236100020459713 -0.0005774545234344477 1.0000016034919985 0.0003346402443301745 -0.0021453728596163013 0.006011944797055692 -0.0003311626733556011 0.9999836995078382 0.08860568837449478
0.9999085409554798 0.001242422542176711 -0.01330866469628655 -0.01917266674001017 -0.001239697575985435 0.9999970861335004 0.00021301607726488967 -0.00281360431756289 0.013308922109587472 -0.00019649831778252352 0.9999092901508169 0.18545000910771736
0.999787019683349 0.001648841701258606 -0.02055592182781774 -0.03394404744970514 -0.0016559316671459392 0.9999982499139121 -0.00032787851789529434 -0.00396410340295722 0.020555356992483485 0.0003618480424201359 0.9997883255638723 0.2770312747561249
0.9995670777850979 0.0022768500916815902 -0.02923517899911367 -0.049774853528075313 -0.0023213909627139593 0.9999933074702123 -0.0014896664281799585 -0.0030192510939095474 0.029231683244883514 0.001556892465643984 0.9995685609241379 0.37337073755233163
0.9991512971714358 0.0026490676535312263 -0.0411398543884362 -0.07201274412632774 -0.0027797248191317697 0.9999926824541365 -0.003119038652688081 -0.003346794111723561 0.04113124294861588 0.0032307447900599673 0.9991499406419737 0.48041971104704095
0.9985450594641668 0.0026828031249172503 -0.053893605563447904 -0.09874516394443977 -0.002902814641772182 0.9999897462451576 -0.004004462414483146 -0.00842813052278249 0.05388221651374438 0.004155071546930644 0.9985406339290701 0.5926574201496939
0.9974810626286386 0.0028606123390657098 -0.07092549954038689 -0.13206239192108227 -0.0031469056256524367 0.9999908857054786 -0.0039251283674435235 -0.009311183332472273 0.07091339124648292 0.004138422862059598 0.9974774418047616 0.7240010309707307
0.9960656494505669 0.0018253447300257094 -0.0885956060184616 -0.16775093138794628 -0.0021711755500496283 0.9999900419842338 -0.003807254885577082 -0.011443302062544874 0.08858782736906752 0.003984634251127899 0.9960600458135973 0.8608844018436732
0.9941870306565718 0.0009500005896728861 -0.10762592240581573 -0.20991889436590505 -0.0013624213960344287 0.9999880569282531 -0.0037584966090971946 -0.016281338500342413 0.1076215182629957 0.003883296184667313 0.9941803801677939 1.0106076777112218
0.9914048135487616 0.0011447364731701547 -0.13094505853102303 -0.26354375538953034 -0.0016578607275350794 1.000007082383003 -0.003809732027649602 -0.026072120726501252 0.13093959953429615 0.003994012971185984 0.9913981545791747 1.1818799014273955
0.9880818738943163 0.004382011129699542 -0.15394183085878574 -0.3226069590214219 -0.00515755705390299 0.9999874820916034 -0.004638965361245544 -0.03353195140495582 0.1539178372107628 0.0053775798198122185 0.9880807010553635 1.3453286277361305
0.9839604414840608 0.008592062279844744 -0.17824651379451673 -0.39730530571206024 -0.009776291566383323 0.9999474847970229 -0.005766568873906828 -0.04114677811476103 0.17818552983814465 0.00741657801474999 0.9839810572052611 1.518594229128056
0.9783155685768338 0.012505296452613966 -0.2067844425900993 -0.4906996728930355 -0.01408921270936024 0.9998903650778272 -0.006188897304985272 -0.0501563663695683 0.2066826151010394 0.008968046760997444 0.9783759155288642 1.7142001075531221
0.9719798744756202 0.013921785216779389 -0.23475177548172188 -0.5739131066004618 -0.015846306390539553 0.9998780583384043 -0.006313902909526558 -0.06680649510767467 0.23462978080507405 0.009856703922966012 0.97205906587223 1.9007640226695386
0.9636504021986573 0.01635135982370357 -0.26711801829245724 -0.6559336147103172 -0.018428063129367796 0.9999370706591219 -0.005270613107538255 -0.06414278258818068 0.2669828542639255 0.010000289500619163 0.9637747069410908 2.0967650231194925
0.9546785546807164 0.01859795849072141 -0.2976369679616811 -0.7264144399399367 -0.020689647732747497 0.9999508465835201 -0.003880278719710338 -0.06139684566544654 0.2974989598109882 0.009860723831898755 0.9548518056674676 2.2671462368897313
0.9440640635420375 0.020962983636436498 -0.3297149465200444 -0.8008799482637587 -0.02306083359349452 0.999935272635491 -0.002454462159288175 -0.05546833987416025 0.32957494507187446 0.009918646763647803 0.9442935872608677 2.438762058809382
0.9310229015738075 0.023854419295700684 -0.364957722103717 -0.8986672394502904 -0.02622595753515943 0.9999383279061947 -0.0015454222480129722 -0.053566775428659674 0.3647950621262363 0.011007070839148182 0.9313271653304891 2.627543800254446
0.9178140790885412 0.02686084298883712 -0.39687708995725773 -0.9957702596977439 -0.029578809197592884 0.9998700970071792 -0.0007319349025130933 -0.05480827723296977 0.39668388104889046 0.012407114158449441 0.9182067597409154 2.7936780437748157
0.9026377829881065 0.02812495569784765 -0.4302006020119746 -1.108295834119163 -0.030991856138967485 0.9998289727324781 0.0003387515468561682 -0.060138773116700905 0.4300036832456791 0.013022918874934043 0.9030757810990157 2.964097330481758
0.8834602981641965 0.024195176676109147 -0.4686533434927935 -1.242152200831716 -0.027489365656971704 0.9999839064538761 -0.00019410997215036957 -0.059973299200268504 0.46847177751610936 0.01304975239783212 0.8837915297628687 3.1521820111778753
0.8634324715724265 0.020170766762631753 -0.5046535524789741 -1.3683031588843817 -0.02340027745954781 1.000025093071211 -6.594872627870382e-05 -0.059867864103760354 0.504514242304098 0.011862431058728007 0.8636680434008219 3.3318104002679396
0.8376150495115096 0.021934671936706923 -0.5466137773576872 -1.522181039256759 -0.023963805344489837 1.0001404340287374 0.003412489033237752 -0.05815505360796375 0.5465287138557144 0.01023615886803682 0.8378952540084167 3.511756871504887
0.8104411372615221 0.027633329040662454 -0.5860038213596473 -1.6839791007275489 -0.028438236772669573 1.0000544928625337 0.007828145876163897 -0.06047441475981613 0.5859654562861442 0.01031561582495628 0.8108743175142507 3.665320216535521
0.7799508509600072 0.03121747862686755 -0.6258567783181594 -1.866666600115399 -0.03160796532218122 0.9999428160397241 0.010486488186415543 -0.06497563269148621 0.6258373336094246 0.011597347758687178 0.7805048977030974 3.816553308262314
0.7426758194162498 0.03148315072683335 -0.6697681484263254 -2.0736293811660866 -0.03138021051778681 1.0000071185104755 0.01221028027258628 -0.07824133657531318 0.6697731448467374 0.011942332330605652 0.7432425388021353 3.9773688179847797
0.7051983311106248 0.028477350948114613 -0.7090377598349691 -2.2721812472621368 -0.026585168822737575 0.9999776351147692 0.013721275316502059 -0.07921063152784752 0.7091114027745082 0.009169769758943465 0.7056396907660356 4.1253857908208875
0.6649396269856469 0.025464762450319263 -0.7470687203022481 -2.4966495042368324 -0.021681143815934834 1.0001080384796208 0.014792302300384927 -0.08072661189774699 0.7471882832028957 0.006358438840068088 0.66526261752288 4.266726495908311
0.6186472826266689 0.025407767232562956 -0.7860949764427085 -2.7481135128662264 -0.018354279449416984 1.0003292638093857 0.017887548270170646 -0.08133821755664386 0.7862914803764709 0.003359912840089849 0.6189103742404357 4.401382932684676
0.5732567886471409 0.02643930597481723 -0.8196675874528976 -3.004665746158576 -0.015864042713775613 1.0002388280473975 0.02116889071669262 -0.07161607656501001 0.8199406409190871 0.0008675185069827319 0.5734755979644863 4.515351128277998
0.5251179258582702 0.027427413522544894 -0.851265529327778 -3.259349937373162 -0.013969357276175858 1.000200860356161 0.023608809403745115 -0.07357428114841821 0.8515929069703221 -0.0005054876603716806 0.5253034588986013 4.618079154091395
0.47018955270896023 0.029555479775864032 -0.8827801438446871 -3.548236890512591 -0.012439850853325446 1.0001882214120088 0.026860546763540775 -0.07880615739433011 0.883187377384248 -0.0016468669543111569 0.4703512024119988 4.718575499464455
0.41850383342776676 0.031833951453281696 -0.9082505707841694 -3.820130004153156 -0.010979864594533824 1.000029058219079 0.02999146270043211 -0.08272426456100765 0.9087421799565372 -0.0025776880066091944 0.4186399072300112 4.7979007879685
0.3606505147079748 0.034507186405822746 -0.932621246782741 -4.139259118736463 -0.010228604495404666 0.9999228738060667 0.03304189698149616 -0.08396233757963562 0.9332035903184785 -0.0023759292329361297 0.3607877123741846 4.870493211734415
0.30837563782433114 0.03783253922599382 -0.9510972405635756 -4.425619140719093 -0.007615316450034673 0.9998317809014486 0.03730196714425013 -0.08526954958673441 0.9518191612477649 -0.00425774677873778 0.30844026802696506 4.9080977728634
0.2568163057163536 0.040214262488164176 -0.9661260857598823 -4.713713138588222 -0.0032610172337787274 0.9996504553255899 0.040742843435417876 -0.08854303758245177 0.9669574071554662 -0.00730932730281585 0.25673298022642194 4.934449706309924
0.20299751579283276 0.041295545109162064 -0.978631944092802 -5.0606270349900635 -0.00028941162053637245 0.999430053844779 0.0421131350416352 -0.08942667098350637 0.9795030338310661 -0.008263020386935015 0.20282947992347317 4.963683458873533
0.1572614876259655 0.04267756148174994 -0.9869555109216834 -5.382873066875311 -0.001299844066169144 0.999391103708089 0.04300817969208501 -0.07874836904435445 0.9878771919270696 -0.005478910655111084 0.15717139311190972 4.966269106635407
0.11224118776729096 0.043015538161781997 -0.9930363101330414 -5.7577039064777935 -0.002724008645729348 0.9993572695987271 0.04298145443242348 -0.0711373133170925 0.9939640419239314 -0.0021186514180368816 0.11225424664352156 4.958728986381686
0.07508785176939907 0.041978840590757224 -0.9963209415878772 -6.109734038433061 -0.0036789456154458122 0.9991464223946748 0.04182062502629985 -0.0638524456095553 0.9971983741182056 0.0005251701476061665 0.07517608916083217 4.963286450742223
0.04134466168463401 0.03980366072354699 -0.9985723652385021 -6.522762366794705 -0.002886588321350402 0.9994272650122419 0.039718222322719016 -0.04299279198045963 0.9993614261270296 0.0012400527422258578 0.04142675145549395 4.928908302214788
0.008010461734336003 0.037341164050651215 -0.9995640706423498 -7.006194731149904 -0.0020395723188508853 0.9995947782246356 0.037325966873789675 -0.01938630192950952 1.0002594799678688 0.0017391695129768527 0.008081004346888254 4.865066764187838
-0.018134102796490952 0.0356951477891275 -0.9994098865026803 -7.454514362049695 -0.0023969419645705776 0.9995698840360571 0.03574435523024025 1.1967002021162632e-05 1.0000445052807516 0.0030430702387718497 -0.018036925705850165 4.79741289068439
-0.040645498615159634 0.03321383790966054 -0.9988244223763099 -7.967375896348116 -0.0025552191107566314 0.999643569842964 0.033345058492846386 0.011434048967743221 0.9993734782412053 0.003906744399203075 -0.0405379201327677 4.716835273980539
-0.0571183949540142 0.031812029727680456 -0.9978936525307299 -8.4303315571193 -0.002118023183067046 0.9995193704710266 0.031985091012636885 0.016415323553878314 0.998398593948126 0.003940362849522382 -0.05702166698084407 4.667619338710078
-0.07041404599881336 0.03174015736425505 -0.9970535973378096 -8.92361873597603 -0.0013903127434764428 0.9995304181635467 0.03191719250306409 0.020600188769028888 0.9975579537910303 0.003633481382526648 -0.0703339786054472 4.609866453193696
-0.08113395159982145 0.03359509312513899 -0.9961875291125908 -9.442939411919156 -0.002425184892094229 0.9994727932443908 0.033903403188575286 0.004546495695005759 0.9967511383143972 0.005166389578242308 -0.08100560417004109 4.542090763747177
-0.08823276127426755 0.03544642624825651 -0.9954777830801725 -9.947576439694782 -0.00430995467880227 0.9993525767886136 0.035966405289046724 0.003078992325480673 0.9960995829885446 0.007463808374946795 -0.08802208399218397 4.490866107818018
-0.0932015952218728 0.03667214227107136 -0.9950291249315517 -10.488106180737251 -0.004375491306619359 0.9993540524779906 0.037241379648825935 -0.003161585014474777 0.9956953095009259 0.00782424418879298 -0.09297560597203484 4.413302638669265
-0.09511162727607106 0.037045605918729074 -0.994813525211953 -11.022200454235666 -0.0024096813614012842 0.9993322339428121 0.03744426119544786 0.010378676199516906 0.9955003811591556 0.005958346321780796 -0.0949553903779658 4.359729058826899
-0.09452780087695176 0.03906178143336462 -0.9948181548104724 -11.622207906988834 -0.0004167835946581501 0.9992906870477114 0.03927699983607115 0.027657953104587157 0.9955849028857215 0.004127129668926464 -0.09443858064989122 4.321582640990677
-0.09327624571896767 0.04152140874266784 -0.9948115734524775 -12.200862305337683 -0.0008765680882955968 0.9991636610692651 0.04178524560055452 0.041009316436210086 0.9956775654994027 0.004769407380692516 -0.09315835445294178 4.260009860582431
-0.09162408392977937 0.041890405473494874 -0.9949427584671198 -12.800534463664249 -0.002880661364911755 0.9991300321572799 0.042331983274268764 0.04715478055127187 0.9958203097959337 0.006744511320286532 -0.09142090777371151 4.195767937461792
-0.0898460888862049 0.03949210125959859 -0.9952234794107675 -13.45295057937841 -0.00468805067955487 0.9992367161566146 0.04007457796055725 0.0640491190440862 0.9959959394105292 0.00826577605097915 -0.08958780208230203 4.128678189463379
-0.08852466260350124 0.03918941880213311 -0.9953207713160382 -14.085212335716108 -0.005054717767271477 0.9992132583478461 0.039792251430731534 0.07618066114242628 0.9960794081714948 0.008553502076382098 -0.08825533122259813 4.031474804283383
-0.08682636422295982 0.04152886800318383 -0.9953995126620072 -14.794063698174995 -0.005028141987470652 0.9991417417541976 0.042123589923998644 0.09034968881947644 0.996253001923534 0.008662080188174142 -0.08653940103691515 3.946957776652365
-0.08514832731069401 0.044521033804356604 -0.9953816944422663 -15.483769484261753 -0.00581524063255192 0.9989706514041478 0.04517901437613963 0.1088120273872315 0.9963601319521658 0.009635213549895714 -0.08480104451268292 3.8388111418378186
-0.08326274409108363 0.04740051581950277 -0.9954375325584587 -16.223272952035835 -0.006980081280776694 0.9988537238453489 0.048147031102387584 0.11699571904489056 0.9965412476518056 0.010956670139141318 -0.08283331021637687 3.745675085455007
-0.08168413530661593 0.04665702906807199 -0.9955670772870311 -16.872292306831653 -0.008136868558184168 0.998840754037206 0.04747806118875215 0.14063008069612937 0.9966267931840683 0.011978979205873198 -0.08120966969103087 3.6020716085526487
-0.08014894604498242 0.04398392972843086 -0.9958254471336779 -17.568273403915867 -0.010171687943825277 0.9989513899239651 0.044940664698418696 0.1607365889801787 0.996744668373962 0.0137309831141429 -0.07961643469600398 3.4993623031254257
-0.0785749678167956 0.04338929585408979 -0.9959974908139265 -18.349903980423672 -0.011291263760913644 0.9989835579267655 0.044410155654514664 0.18083528826334658 0.9968784430165674 0.014735092690848307 -0.07800253214649601 3.397413300618304
-0.07718259014091515 0.045125541893185 -0.9960380555460172 -19.08198746875266 -0.009496589381952282 0.9989394328003227 0.04599287541234541 0.18234208204217472 0.9970147579674853 0.013008253302257963 -0.07666891528840601 3.316432298730743
-0.07589386721314136 0.04768730002859787 -0.9960330527787988 -19.886049707011317 -0.0069269887832391274 0.9988644926964614 0.04835067064221771 0.19277224210193467 0.9971501531444232 0.010568411550492998 -0.07547298030252352 3.2391874054819914
-0.07473812711697299 0.04970481100361686 -0.9959860576908999 -20.643046234996223 -0.006018419180520842 0.9987387748702771 0.050293803003413365 0.21518493937645197 0.9972076334950057 0.009752903125437116 -0.07434305435402916 3.1388151160078346
-0.07421457881806579 0.046218685867802076 -0.9962017329223116 -21.419693316054445 -0.005836969458881432 0.9989192695567701 0.046779605148089244 0.2434836859057241 0.997256476416674 0.009286234850532624 -0.07386230162873042 3.024967708482101
-0.07389204865619795 0.039332945971631096 -0.99654713048823 -22.263808372494132 -0.004768061202196432 0.9992533727450019 0.039793302175166065 0.24744732106909548 0.9973118970105639 0.007691564936893423 -0.07364515557971293 2.9638917571984353
-0.07399803306413368 0.034405076069936626 -0.9967152051414536 -23.04273836775803 -0.0019603848824772136 0.9994482214939306 0.03464495927443496 0.2614299986821307 0.9973071526189821 0.004517371348625018 -0.07388602872896753 2.885251174593686
-0.07457282842430284 0.03453142017811713 -0.9966918614105664 -23.88509231073888 -0.00044226013813657324 0.9994732941782599 0.0346608768418241 0.2744860588531477 0.997290018153435 0.0030253269012673945 -0.07451274806858106 2.800923686897123
-0.07452974901150693 0.041563656646763245 -0.9964046352280218 -24.67516904580828 -0.0010627795397231245 0.9991795275021174 0.041758902164412366 0.28500567297247825 0.9972708235361534 0.004171015543047496 -0.07442053147605245 2.728397408566778
-0.07488881556916462 0.047901491474534375 -0.9960968087009769 -25.477111884560614 -0.0017968101273312604 0.9988935401939482 0.04817107172973785 0.29455206409865675 0.9972465427196361 0.005396964152555744 -0.07471570036854137 2.6473327689119923
-0.07528438905182154 0.0539370731185062 -0.9957849767709622 -26.3336291545224 -0.00360463113117794 0.9985973663007718 0.054361927117145374 0.3055956625204056 0.997238399161469 0.007681403896200158 -0.07497818679588183 2.5714378463423992
-0.07571153432293269 0.05502477466276736 -0.9956857801052863 -27.134240722888393 -0.004885989511033599 0.9985190959564887 0.05555287992174647 0.33296560622445315 0.9971933192294207 0.009070217495101587 -0.07532489843550674 2.453024344884037
-0.0761772721011493 0.052163636836326376 -0.9957963709622059 -27.984596164108478 -0.005091033664408829 0.9986646675738607 0.05270334630380431 0.3242928379151464 0.9971489502825636 0.009083813725185828 -0.07580487834192669 2.421491531743359
-0.07667734169578963 0.04937844452122248 -0.9958979122007354 -28.782961153527346 -0.005131417168385748 0.9988055041075454 0.04991769155877611 0.3472085427152394 0.9971083396880615 0.008937335593549497 -0.07632738726386565 2.330412359478367
-0.07679602919313169 0.050081175649286935 -0.9958403727825452 -29.5849346389113 -0.006464500983835615 0.9987437910747176 0.05072571038072849 0.35369285026761876 0.9970781677694883 0.010332602223859408 -0.07637183402470263 2.3006846309036777
-0.07670493631885036 0.052413301229004824 -0.995755577695772 -30.449644203347695 -0.00767344734368026 0.9986369550999887 0.05315606644042404 0.36532454824452865 0.9971047753885316 0.011717267771611478 -0.0761920894950978 2.2858358214909025
-0.07665794555170788 0.05155653453550081 -0.9957946738689027 -31.242425979406693 -0.008490431744028687 0.9986632456009036 0.05235865929622651 0.386229991866667 0.9970925290911156 0.01246754586850323 -0.07611233904284477 2.311694811047648
-0.07635415390718546 0.046821034725658246 -0.9960787764099268 -32.10995031634634 -0.009036609880295813 0.9989211235837823 0.047647338608433364 0.40008663574826725 0.9971378882027025 0.01263800905297287 -0.0758412662422185 2.322466011383849
-0.07613157296237591 0.04273550576719753 -0.9962412261601871 -32.932014630126446 -0.010001468086742798 0.9990577448933123 0.043620625452929974 0.4259856530808673 0.9971074992587321 0.013283986070241574 -0.07562791329945538 2.2857853814760585
-0.0757095526787011 0.04269237844249596 -0.9962886310080855 -33.738313542457014 -0.010050667891152483 0.9990725810913862 0.04357544070947384 0.42795625241325885 0.9971525208616151 0.013311468418036966 -0.07520476641001285 2.304094042307774
-0.07514223188446117 0.04538972885082854 -0.9962110952494985 -34.61823719729154 -0.009391582368092156 0.9989587470796593 0.04622330641132788 0.4422226718772747 0.9972006128822235 0.012828397207482727 -0.07463235796693067 2.2183083783469124
-0.07470635645390317 0.04977214511343449 -0.9959956162844555 -35.456062309690466 -0.00876979220932315 0.9987151775042843 0.050565840086964846 0.4729651151073859 0.9972001379794335 0.012511848322692153 -0.07417143930195037 2.1084950372940416
-0.07420646055586134 0.05455539187108648 -0.9958136284596175 -36.364238741192054 -0.008094548697632912 0.9985007085783996 0.05530579441670454 0.49932117714278673 0.9972743063457713 0.012163926963879738 -0.07364889138827693 2.0261525961368663
-0.07431121654803562 0.058752245560028456 -0.9955648153681259 -37.19036378962687 -0.008352677093461502 0.9982531859720934 0.05953435785900831 0.5209843304077353 0.9972621777302547 0.012738911024103416 -0.07368611862625307 1.946238213276347
-0.07419019419010671 0.05807727280047684 -0.9956070349396934 -38.023630512944294 -0.007897787658413308 0.9982926981862501 0.05882245894038193 0.5338703211600865 0.9972684959312513 0.012226461248696916 -0.0736007705586932 1.8721335432052761
-0.07412534683452815 0.05431744780085977 -0.9958478334488392 -38.912596457082614 -0.008042880867533549 0.998529694102193 0.05506239268861004 0.5496436529410398 0.9972958914066401 0.01209004449166772 -0.07357367474752047 1.827656533957188
-0.07392468464078435 0.0504239209159472 -0.9960664831077528 -39.70244522655844 -0.008725754708382584 0.9987281389334521 0.05120625706087519 0.5538741708282042 0.9973040470343677 0.012475860218128436 -0.07338494746511337 1.7699412233704397
-0.07387545460677425 0.0473403250032361 -0.9962236638636686 -40.52657469873676 -0.012781603137401362 0.9988260358802276 0.04841181448828746 0.5680411324772301 0.9972661710546311 0.016308467663166924 -0.0731777686099337 1.6988157370504164
-0.07431322623102861 0.04516495723706018 -0.9962979038936538 -41.301510103045544 -0.01545578041548538 0.9988878708085268 0.04643520396184246 0.5833709558252168 0.9972015824322705 0.018847686319404016 -0.07352619394051066 1.620971548196208
-0.07504157670227359 0.04356709119527991 -0.9962998028976063 -42.09376134962455 -0.014327302404200624 0.9989664105418692 0.04476283508210319 0.5699594756973149 0.9971492403385004 0.0176320991460552 -0.0743345051285579 1.573074042912956
-0.07640760444473266 0.03987755761240613 -0.9963803180316515 -42.91651643022516 -0.010857844932097715 0.9992086285006758 0.0408233894370803 0.5646636599336285 0.9971191279269566 0.013936346572482092 -0.07590647428203953 1.5044952751668332
-0.07727241707084606 0.03796500747774574 -0.9963891400924515 -43.64707610323606 -0.00695580444332905 0.9993319313254043 0.03861657558294791 0.5528504953799257 0.9970881441903413 0.009913668833109998 -0.07694887034095192 1.438529526666731
-0.0792335793687229 0.041423250505840295 -0.9961200911109699 -44.42986302690005 -0.006014787473345154 0.9992229823926395 0.042030712477469506 0.5412817789500597 0.9969631056408883 0.00932052800062732 -0.07891302398544407 1.3669347831139338
-0.08087038747592326 0.04753946317364046 -0.9956970752175535 -45.16008944190859 -0.004227934556443164 0.9989431523315923 0.04803783854092577 0.5328557106854646 0.9968225923612691 0.00809371430360602 -0.08057534756919724 1.290846976534981
-0.08266146453323389 0.051678345013576425 -0.9953434267251327 -45.90210539492525 -0.002387454904225551 0.9987477649089145 0.05205337142316217 0.5307894615792237 0.9966814828606361 0.006678431511903155 -0.08242582165337563 1.2131398607557848
-0.08458366480244116 0.050725067690872205 -0.9952455660927788 -46.687741444480736 -0.001943838874795946 0.9988139310197011 0.05107213949465343 0.5309115517684072 0.9965357396565898 0.006253705980420376 -0.08437455710953098 1.1327679967906399
-0.08577391663428499 0.04785381611223076 -0.9952702791117501 -47.413616445741134 -0.005030309582203857 0.998917608398206 0.048462703323955865 0.5233941829815766 0.9964075981770103 0.009162385370737004 -0.08543137195730033 1.0600387069691608
-0.08725720527400209 0.0441118257359379 -0.9952996637281637 -48.15117330698776 -0.009056321630168977 0.9990334840591325 0.04507127009581805 0.5256822093778555 0.9962357884759598 0.012945369036500492 -0.08676551181082004 1.0074843727979943
-0.08870194860553401 0.04230136356953525 -0.995291143580441 -48.960866361068675 -0.013098268150459808 0.9990930785605261 0.04363029004997913 0.5295230229118814 0.9961038051229832 0.016904462689359346 -0.08805588677400246 0.9031860202963906
-0.08987504634353173 0.04345153456208698 -0.9951404133591447 -49.66214162710227 -0.01529563120856434 0.9990050744191891 0.045001688315148294 0.5211765680507526 0.9959713907026724 0.019263223345528612 -0.08910896829001548 0.8043144301906496
-0.0910884490119374 0.04481775236148731 -0.9949865167638279 -50.420766661665624 -0.015129167697003575 0.9989614525422288 0.046381833435505664 0.5061905072617543 0.9958807142106105 0.019275232574141942 -0.09030206189484558 0.7102196710806822
-0.09214775954328748 0.0446846706663445 -0.9948786501040474 -51.12094873531708 -0.016796653210345052 0.9989167099456427 0.04642177978939459 0.5065309092121565 0.9957402320629726 0.020985440650228077 -0.09128498301197643 0.6190257759611324
-0.09278639357615362 0.044644847841160504 -0.9948038778418086 -51.84449796893469 -0.017766314540966405 0.9988798696344513 0.046484852439638874 0.5077148419717197 0.9956469077383318 0.021984546945671736 -0.09187837691281209 0.5231197434059592
-0.09346345515790734 0.046178718204530504 -0.994688569204094 -52.62738461155081 -0.016293733040629338 0.9988559878191273 0.04790319154184848 0.4994631773634778 0.99562685125667 0.020681556576956747 -0.09259144724615465 0.44668378888431703
-0.093880422944312 0.04859918644342943 -0.9945237443583773 -53.33356538143158 -0.015290313785396378 0.9987464102462119 0.05024889896765903 0.47693152565622526 0.9955933176867408 0.019921443285102747 -0.09300786695558934 0.38123571798034483
-0.09411584454786878 0.05264492077172063 -0.9943090002136311 -54.108006330274414 -0.01563107361852966 0.9985398464167207 0.05434847853090903 0.4765934701111246 0.9955792454731606 0.020654276280632017 -0.09314248888893985 0.30538340835282307
-0.09467101163655185 0.0549749839041472 -0.9941011519215974 -54.83477935929652 -0.015508259148978626 0.9983827345532429 0.05668865338764484 0.4748700433583456 0.9954995388295238 0.020781238488141597 -0.09365493250276483 0.22245224462246238
-0.09534776512560408 0.05539516392236105 -0.9939495651810036 -55.56715205348542 -0.015005502157740469 0.9983049705622414 0.05707734961740545 0.4816934522185524 0.9953791668951366 0.020355931606933546 -0.09435039571515888 0.22033309035472282
-0.0960303161530994 0.05318604308341094 -0.9940182726169795 -56.27523572016522 -0.014504410872014973 0.9984523223616142 0.0548245353306266 0.45658302394345646 0.995334713634355 0.01968125160282798 -0.09510440372572225 0.47631714242747303
-0.09640080382158707 0.049848350543215965 -0.9942345168025922 -56.91289570053717 -0.014287517648189495 0.9987133773598019 0.051458223129087155 0.4679721722760787 0.9953810767562279 0.019163066375776455 -0.09555116296149387 0.45965390446211807
-0.09643578640564218 0.04700325531080832 -0.9944014380489341 -57.61888303320366 -0.014855328424626368 0.9988771679108157 0.04865546366027943 0.4899912802773486 0.9954010919858777 0.01946094092645101 -0.09561282953474663 0.45171722504779854
-0.09538866680701526 0.04451362204863336 -0.9946125787932624 -58.250052848988545 -0.015377691388355192 0.998982208495297 0.046183986010262905 0.4807872219293434 0.9954896583360052 0.019696972807159728 -0.0945912264213665 0.4640037241576366
-0.09347777998447339 0.04354412816227204 -0.9948065830043606 -58.89768761119979 -0.01727908578661596 0.9989591691433757 0.04534953527336889 0.47703074006152435 0.9956094369006884 0.021425577699854453 -0.09261536840081974 0.3873371349434894
-0.08957236596763375 0.04454430783197911 -0.9951351548438381 -59.595047308518886 -0.018033689173099852 0.9989140723378203 0.04633667634235903 0.46897119832718875 0.9959685974752446 0.022093108949742885 -0.0886584283178898 0.3053299657777193
-0.08423161376043874 0.04540208729717628 -0.9955377652646783 -60.21701065999079 -0.017681032278269303 0.9988622079527748 0.04704967712956496 0.4595213359571234 0.9964159083753255 0.021562485663638473 -0.08332252136818019 0.2434312909042704
-0.07670580769344033 0.04691824074863783 -0.9961410803834355 -60.877764896419826 -0.017235241421382844 0.9988720134641033 0.04837403147150901 0.45943412391988087 0.997096690507259 0.020875306938741015 -0.07579614602667781 0.21784357538399235
-0.06852405967508354 0.04821647157462091 -0.9966916013208422 -61.466927609056704 -0.018225157741614807 0.9988119063188211 0.04957205092136127 0.4595173830244349 0.9976909897017138 0.021557266518931827 -0.06754988601951097 0.21317636995667977
-0.05742858537661382 0.049643499603799934 -0.997305933601059 -62.07207052517274 -0.020338141012649066 0.9986887016310039 0.05088347528110902 0.4761764618874972 0.9983338389460954 0.02320108210886174 -0.05633286688010555 0.2280382590021499
-0.042113266627123516 0.05102805935237609 -0.99799264562876 -62.70056757116372 -0.023692755781512788 0.9985468265245896 0.052056180149637775 0.4598449903248893 0.999015680242228 0.025832709992000668 -0.040835581100704656 0.24564375508714675
-0.02483077746719094 0.05211105751033356 -0.998498046389046 -63.23820400427671 -0.02555443341458166 0.9984466839830707 0.052743866708419594 0.4521560628178476 0.9995305772842006 0.026821285876437846 -0.023456659808951365 0.2853069341952901
-0.0019037847022655911 0.05292615099529457 -0.9986746650550248 -63.83247758324017 -0.026743194383133048 0.9983167683215907 0.05295816351287339 0.4518609123737227 0.9997187398922172 0.02680647680234473 -0.0004851274438938523 0.31712196123308767
0.021980457679992533 0.05347876640236767 -0.9983286011692195 -64.34479045401145 -0.026543251097411714 0.9982491946531107 0.052890102136952034 0.44023430513886475 0.9994077862072007 0.02533629326146441 0.02336143576376095 0.34489738865385255
0.05230312835126275 0.05275189238202449 -0.9971736264468138 -64.89007225969804 -0.025057045657086153 0.9982955843004082 0.051496968280281656 0.4308070287835791 0.9982537952126216 0.02229417617450175 0.05353916581484643 0.3834386304052938
0.08416177830804769 0.052634266686014036 -0.9949585426476698 -65.35761293195726 -0.024058345548156758 0.9983181937006452 0.05077694212869914 0.42050324897846847 0.9960595128819871 0.01966557897796614 0.085295215396899 0.44107394624641205
0.11933066652818564 0.05233157403495786 -0.9913340217802961 -65.80386891283635 -0.023282723422911586 0.9983435258064387 0.04989896824710008 0.4058703935893333 0.9924415031512919 0.017128858926889274 0.12036816554817904 0.5275328028754621
0.16152763867941952 0.0518606761690309 -0.9852340226873595 -66.28021284939926 -0.022685232032365235 0.9982826269780481 0.04882831780599833 0.39594766976996587 0.9863374014383862 0.01446699253857604 0.16247000922636923 0.6274441685028387
0.20366236972683663 0.05229590442963663 -0.9773205057994049 -66.70157825981279 -0.021463182595195567 0.9982548295632359 0.048943408261313714 0.386465197807046 0.978483539391946 0.011011950774227855 0.20449392659906535 0.7368045229154305
0.2534816716968379 0.050385014221233024 -0.9656228634058608 -67.16126316085204 -0.017711158489295352 0.9983260543322325 0.047442143612705046 0.37120146018078437 0.9667745031422068 0.005078565012735315 0.2540489152218785 0.8887147809235413
0.3006484741999755 0.045501530511592156 -0.9521815510518923 -67.53211695513426 -0.010680488583323846 0.9985136094730185 0.04434325069953945 0.34493409751035103 0.9532085137550123 -0.0031633788284974114 0.3008214938560064 1.061040538165787
0.35389958625707474 0.03942743852153164 -0.9337289366634274 -67.91286702700035 -0.004722719768126648 0.9984974474559437 0.040372347108645894 0.3070629452645065 0.9345492906314984 -0.009884698851036178 0.353793038844268 1.2645083094508835
0.4031847693669538 0.03367253724482148 -0.9136956572476546 -68.2616117601915 0.0013275838662676932 0.9985651098234731 0.03738606261027653 0.3036272554034273 0.9143151773194783 -0.016298473102912447 0.4028573953313555 1.4631107110104775
0.4566358995823189 0.03137645931620592 -0.8880263539378711 -68.62610100752053 0.0026124596823289717 0.9983707130599088 0.036618599629288914 0.30445512824601284 0.8885768688031639 -0.019059498371613404 0.4562454446619763 1.7015616085440979
0.5027118220843114 0.028610232761964102 -0.8628275855308545 -68.9480795567853 0.005190950293665238 0.9983372033994072 0.03612797363933859 0.29714804862065347 0.8632864004356627 -0.022663428524089046 0.5022275297141434 1.9356385717481208
0.5461950198034012 0.023991089222437537 -0.8360753263506545 -69.25753160555912 0.01287921226317429 0.9981921737006573 0.03705680319332126 0.2800456610331634 0.8363205093396314 -0.03104043371620885 0.5454643580282394 2.1955225955960156
0.5920969745796121 0.01603267860415751 -0.8041762847385306 -69.56808653107274 0.02480877211271973 0.9977294473511783 0.038157644841075394 0.250043488038593 0.8039535976546042 -0.04259618013125139 0.591083639283054 2.4980367620535686
0.6327346599898928 0.009646596503012287 -0.7725652265027806 -69.8134699790476 0.02899097347668418 0.9975732930111255 0.03619989365799802 0.2262419006109989 0.7720815393403107 -0.04536355785703281 0.6317719326046498 2.76125008410518
0.6764241272835212 0.0025956417357474483 -0.7346105490947954 -70.09063084819502 0.02794508395323199 0.9977836542995958 0.029257157662698617 0.2541835980043593 0.7340836015979919 -0.040375387726041954 0.6757960908667443 3.079931822893429
0.7153427338351052 -0.005304187888697763 -0.6969287414990353 -70.34327957435127 0.02641443379134348 0.9981856445505585 0.01951535029786374 0.24882610194205468 0.6964483626788088 -0.032410445893282555 0.7150961563332084 3.3951236998161
0.7567709570769086 -0.010498463218032748 -0.6515626389707945 -70.63084800033444 0.023422403499836708 0.9983357383959357 0.011118507037618183 0.25322400257990996 0.6512262972283022 -0.023706804422819153 0.7567621016569136 3.7777819470588216
0.7929715206168441 -0.012640574412021547 -0.6077765520333915 -70.8961387741973 0.02247118532959182 0.9988884327879046 0.008543413736738345 0.18511908738949603 0.6074926740024675 -0.020448962267291607 0.7930262462340718 4.195831376418083
0.8269880514841877 -0.015772894526805088 -0.5616317709080991 -71.04731384705529 0.023412731761311995 0.9994994598568233 0.00640464072774609 0.04507844810300726 0.561365326263642 -0.01844969624073926 0.8271136575918121 4.7323664492837345
0.8597836388912938 -0.016323467729822124 -0.5081931597993008 -71.04211778557642 0.021851944677568957 0.9986256845420529 0.004893631712903775 0.18122677299192763 0.5079855931943297 -0.015329695258046479 0.8599246560922666 5.236606032202868
0.8855017654686961 -0.015495580424842469 -0.4616663571465309 -71.09415102280252 0.021291460142652183 0.9984900571987144 0.007324428023250401 0.23810161170095176 0.4614354959838194 -0.016335866836992306 0.8856070476468607 5.645376861539442
0.9087311892942088 -0.012149903239852275 -0.4148838585997247 -71.3022971346182 0.0172576854015855 0.9988482100282763 0.008548627315771615 0.12441423353864609 0.414702897613544 -0.014942778400049088 0.9087722024219785 6.143649032669351
0.9259487446389352 -0.009513810670383253 -0.3741491750566421 -71.34812190500216 0.01366803228725674 0.9985996646612382 0.00843355873606646 0.12605020887387341 0.3740205496895284 -0.012939376457187906 0.9259592138562605 6.566214189555847
0.9397329853586143 -0.006472574391878005 -0.33825521544941467 -71.45292019025862 0.010594661458905577 0.9986679939743036 0.010324156992197136 0.12064133083233558 0.3381512893263921 -0.013301913123582488 0.9396985634052188 7.012851669787013
0.9508976864745405 -0.006406380664851382 -0.3058793626623607 -71.63873490013313 0.011082979457756286 0.9987510212719434 0.013536055302563603 0.09867949850016997 0.30574571106622167 -0.016279298870116764 0.9508229210957051 7.539869266469135
0.9584571061022664 -0.008610254569176612 -0.28203778906084204 -71.83915979295996 0.013496341809934045 0.9989199818203895 0.01536924752185977 0.04591282258471005 0.28184630358185825 -0.018553398427156607 0.9583725513166748 8.08185757065188
0.9647600421567153 -0.009830386212760214 -0.2597697803861076 -72.05412758627831 0.015181096008408375 0.9988809837763272 0.018580790208361817 0.06690314758387558 0.2595121246053338 -0.02188778272354327 0.9646311884682098 8.699881600535694
0.9692448887989776 -0.008752100305502643 -0.24219054734050213 -72.23208089465878 0.014530808578183766 0.9987345554170136 0.0220606697472626 0.10553888864591682 0.24191268039604086 -0.024924253363522587 0.9690333227487938 9.279981461698036
0.972909016650305 -0.006046661397677185 -0.22727720001906992 -72.42443062687943 0.011854689589979749 0.9987584799477329 0.024174791989730732 0.1292307287251254 0.2270484078550484 -0.026237230459109223 0.972627419006016 9.903086774817037
0.9759583992125522 -0.0033971048428555963 -0.21299271891515595 -72.62843516093818 0.009451082208458845 0.9985155203779117 0.027380280257943066 0.1557539465963673 0.21281009844545687 -0.02876564898819544 0.9755801645581538 10.592236375174448
0.9789087556120419 -0.005014171757061329 -0.20024870844286033 -72.79545383486374 0.011048725313659346 0.9987110449718715 0.02900385320022004 0.03188663251674981 0.2000065812541798 -0.030629334197312424 0.9784918344568367 11.235588411006832
0.9816992069449952 -0.005812752818015967 -0.18707846157552765 -72.94703198554099 0.011715608215598293 0.9988500790028856 0.030442486003222892 0.04134044828901401 0.1868017682376978 -0.03209692433955573 0.9812442997965817 11.910696854872286
0.9845645308390919 -0.006144873606980052 -0.1715980052235451 -73.09018900581441 0.011951638276139797 0.998815216405841 0.03280670146276908 0.04032585069311828 0.17129158674382872 -0.03437094843091315 0.984036988614982 12.653295270039937
0.9869722575860388 -0.005429243736070852 -0.1576899469981611 -73.21612837637637 0.011039113549464422 0.9988411614483945 0.034703197810963836 0.04917186795250025 0.15739677973140193 -0.0360096869870455 0.9863769065159871 13.319887359146502
0.989210683921505 -0.005592604387406664 -0.1439551032611958 -73.34768155754661 0.010509985656875685 0.9990322869022137 0.03340900345443986 0.026412975668002076 0.14367985025485977 -0.0345737522238938 0.9886621731492984 14.073541121856202
0.9908002390917551 -0.005084677258513583 -0.1327190302278724 -73.4482122572905 0.009228479957096221 0.9991510689606437 0.030615190686853994 0.01944723676086041 0.13249542915532933 -0.031568988193630965 0.9903401827556363 14.758064767267925
0.9921072725993337 -0.007166296552730436 -0.12275191681352549 -73.52920845515183 0.010402955761970176 0.999312528744039 0.025738718433577095 -0.08607192259193666 0.12252009961827157 -0.026820653536469875 0.9917992308659769 15.468450619495737
0.9932904399862761 -0.00813431350139033 -0.11384105389885286 -73.6528111610575 0.011173613427690339 0.9994232423558734 0.026080399656383712 -0.06726971620326189 0.1135830504419012 -0.027182162800373468 0.9929813078724702 16.289434125747125
0.9939377330898089 -0.006662910532765351 -0.1071924384384708 -73.78128800768384 0.010210739103351973 0.9991403947010162 0.03257370257402687 -0.01247924734069028 0.10691286027384146 -0.033480011250901734 0.9934261750250929 17.063974501544354
0.9943126698312285 -0.0033662862002417845 -0.10187043682255689 -73.92195547036764 0.007690600072338924 0.9986079964247626 0.0420657838305255 0.040115126207895146 0.1016355132469675 -0.04263031808827422 0.9934281486876485 17.835860856758664
0.994879381631379 -0.002967290184635112 -0.09684861427555465 -74.06363986343041 0.007836311954512438 0.9983089833602156 0.04991203716455844 -0.04273697081463024 0.09657668311948675 -0.0504362468502861 0.9936310063042301 18.664859084511853
0.9950257400944164 -0.005291777363095131 -0.09275829754357855 -74.19952162415267 0.010185209232996918 0.9979311260043853 0.05232647319020674 -0.1941267990704457 0.09234917655000274 -0.053045225955597367 0.9936630041620489 19.41493217205185
0.9955758799456854 -0.00630658450844153 -0.08831037274511028 -74.33868852257066 0.011217072761424595 0.9979167721453472 0.05519169347543416 -0.13112490429020857 0.08782184267578888 -0.05596582376426701 0.994064878123392 20.26224759405873
