0.999998259990089,-0.0014494878941794327,0.0011997902275961286,-0.055619245779093496,0.0014464234286137216,0.9999956867075658,0.002551198241809765,-0.00252950688110664,-0.00120348254050275,-0.0025494570052885645,0.9999960266834225,0.9984488483175364
0.9999937296711309,-0.002331101171791278,-0.002677140395840583,0.033830742633206276,0.0023396867346654393,0.9999921033310383,0.0032083217559002093,-0.03385962869810718,0.0026696407126738284,-0.003214563905158235,0.99999127050252,1.99394727873266
0.9999925617432336,-0.003792772719614972,-0.0007428514344750819,0.002855635975967774,0.003794286561135463,0.9999906932888633,0.0020471717293584534,-0.04570344050925376,0.0007350804778898263,-0.0020499737097522184,0.9999976293713698,2.9933972616573152
0.9999924205315085,-0.0038947440841180137,-0.0002243724699159727,-0.017234654759526933,0.0038951307638615397,0.9999908706458122,0.0017495051591847942,-0.054241479266515846,0.00021755696940381052,-0.0017503644805596118,0.999998445187306,3.9931589750561276
0.9999906518266753,-0.004330677662087045,4.455557870359374e-05,-0.04688087459363187,0.004330534580493557,0.9999866237903846,0.0028236319685833416,-0.07458256016811447,-5.6782794737727416e-05,-0.0028234112272698285,0.9999960132963704,4.992512437811965
0.9999818618951013,-0.005938396880186941,0.0010352865557445052,-0.07331495049919295,0.005933549527032632,0.9999716930101061,0.004623889645134897,-0.10681155584334007,-0.0010627152950085296,-0.00461766142736255,0.9999887745985065,5.991643326563078
0.9999887553423794,-0.00468562644742446,0.0007710956785223407,-0.06029124610113394,0.00468176033183782,0.9999768185337751,0.004941427142422365,-0.12327714548697849,-0.0007942310445123896,-0.004937760061634723,0.999987494525057,6.991422936744411
0.9999879776026149,-0.004846193883728098,0.0007871150006676735,-0.13658466527982108,0.0048435860810261,0.9999828714922719,0.003281856621686454,-0.12443824814856072,-0.0008030055910976669,-0.0032780033032788697,0.9999943056639091,7.98850767125337
0.9999992607045315,-0.0011980666560079379,-0.00032205842446841854,-0.07371645285777875,0.0011981024517147708,0.9999992632520907,0.00011060167328205887,-0.11109617443334067,0.00032192609637409706,-0.00011098609815211226,0.9999999427647754,8.986440323658927
0.999996392804036,0.0025300474376764802,-0.0009347373051396332,-0.06435995180005902,-0.0025314792390957086,0.9999956061943874,-0.0015340768300387954,-0.10956373664369204,0.0009308523131434381,0.0015364388909748557,0.999998387175392,9.986395377160525
0.9999881345091839,0.004784580396903552,-0.0009482226629249976,-0.07752005295473656,-0.004786050075578974,0.999987326149842,-0.0015541722242155493,-0.13418999246337998,0.0009407749823323921,0.0015586933514854576,0.9999983434493023,10.986005481482188
0.999982275017538,0.005898258300544277,0.0008489374062854501,-0.12278216445150894,-0.0058975229074639205,0.9999822218606116,-0.0008656634504967444,-0.14756901507178447,-0.0008540277931056828,0.0008606428180143,0.9999992657069047,11.984891032755609
0.9999942566698052,0.003236588036347644,0.0010351909188839891,-0.1431261167718887,-0.0032382915808569874,0.9999933850035705,0.0016485155977835337,-0.15375384825301294,-0.0010298480714374374,-0.0016518570000644461,0.9999981061308474,12.984664943655455
0.9999956498589695,-0.0029523141319883262,0.00021118559460000478,-0.12931694252061604,0.0029513379363169745,0.9999855851700162,0.004482548773171332,-0.17653336178192883,-0.000224416013691631,-0.004481904569248762,0.9999899317756981,13.98431008164235
0.999986746571899,-0.0051445236585026255,0.0003178865024490595,-0.1466460034423279,0.005143795265935721,0.9999842240430963,0.002251049116800258,-0.19247472893412018,-0.0003294616294268901,-0.0022493827534325337,0.9999974166047346,14.98403283215771
0.999986959572872,-0.005065983684391313,0.0006906435153873458,-0.16224874221979788,0.005065731285264516,0.9999870889776127,0.00036664910112111515,-0.22359757373876973,-0.000692491597420844,-0.00036314435050640177,0.9999996950326774,15.983426610629792
0.9999919303644247,-0.0021627304558397807,0.00339445105419101,-0.19808101224145713,0.002166440700961966,0.9999970466191662,-0.0010897130688994037,-0.23623711961192245,-0.003392083793129633,0.0010970594841222788,0.9999936458357664,16.982704495803066
0.9999899498748458,0.0008667566468531043,0.0044056074690143505,-0.20488586345281118,-0.0008706645131117785,0.9999992162503822,0.0008852281428820979,-0.24807146839779576,-0.004404836245725215,-0.0008890536861753439,0.9999899041915729,17.982611313278532
0.9999856667480067,0.0016132451341700207,0.0051111871061399515,-0.20107140564608741,-0.0016363259903547109,0.9999884563505143,0.004514841072196435,-0.2617421447880498,-0.005103844055410522,-0.0045231385013878985,0.9999767464685543,18.982510590188248
0.9999862000926846,-0.0012434313571072176,0.005110185672361634,-0.19254232159282003,0.001209294696918638,0.9999769590293526,0.0066778142893546225,-0.2765666811847468,-0.005118370824736302,-0.00667154095450252,0.9999646465277024,19.982364324138917
0.9999850152296713,-0.004614263059120819,0.0029560763670583683,-0.14619522249910585,0.0046008308712932825,0.9999791212350961,0.004534714557390551,-0.28323330778882977,-0.0029769385369934173,-0.004521044774239512,0.9999853496301715,20.981267474662346
0.9999826785283574,-0.005023528474760782,0.0030768977668012873,-0.14614856827023165,0.005015964120475785,0.9999843782120585,0.0024612238262768428,-0.2976394401387298,-0.003089213249000143,-0.0024457461959831767,0.9999922382553411,21.98116370058453
0.9999722805320436,-0.006391299279311403,0.0038275260963257923,-0.17114411707612395,0.006390710008828236,0.999979552496018,0.00016613965707084282,-0.31584143315222574,-0.003828509187985968,-0.00014167309178863337,0.9999926619380826,22.980685541982652
0.9999876134116331,-0.0022574690518951464,0.004442673940097699,-0.16930040014150574,0.0022620478802996883,0.9999969024482793,-0.0010258753200998265,-0.3177668396653613,-0.0044403437990595115,0.0010359134870374135,0.9999896058030169,23.98068198947532
0.9999896325620506,-0.0012964596342261241,0.004372008209490532,-0.17763301336459644,0.0013114150995054378,0.9999932804206714,-0.0034195746636649094,-0.33150384504553304,-0.00436754499556908,0.003425274022620458,0.9999845966475991,24.980552912984347
0.99999013645005,-0.0013649413092997305,0.004233725638784644,-0.17724640240476192,0.0013741397989823852,0.9999966874313139,-0.0021704960610033157,-0.3617904929905718,-0.004230748521380263,0.002176293697415409,0.9999886829342478,25.980094093159327
0.9999879074658636,-0.0008299673726220628,0.0048535112192236145,-0.17281364319151055,0.0008359899113439456,0.9999988701707813,-0.0012389370312996522,-0.3712550781375349,-0.0048524769555179596,0.001242980865855637,0.9999874548962319,26.980039478535197
0.9999853582796875,-0.0028203867072133806,0.004624839458633729,-0.22399879120586375,0.002820274803359893,0.9999960096383962,3.072876193197413e-05,-0.3496363702183535,-0.004624907169187229,-1.7683643701062843e-05,0.9999893056452379,27.978494642141097
0.9999887412117702,-0.0009935443301752787,0.004646591687915259,-0.23917989043553256,0.00099090985633666,0.9999993341108661,0.0005692648063756645,-0.364786424999811,-0.004647153684065513,-0.0005646526836747512,0.9999890432469064,28.978264621438278
0.9999849527095545,0.0014866291547450082,0.005286282547938724,-0.2636445598693632,-0.001487611190598644,0.9999988640576362,0.00018188821303099985,-0.381073757592618,-0.005286005635896227,-0.00018974805439341485,0.9999860117141504,29.977832630227084
0.9999811239053241,0.004259980125043186,0.004434512073444754,-0.2534076168909535,-0.004259602433039522,0.9999909104775718,-9.453194521314924e-05,-0.38172528684376017,-0.004434873981120334,7.564225394145983e-05,0.9999901637790749,30.97778001984566
0.9999766600551145,0.005418215523229692,0.004169266183920026,-0.25505247114064394,-0.005418302790298276,0.9999853079356072,9.73345788326198e-06,-0.4025076724714072,-0.0041691517078629595,-3.23222234907802e-05,0.999991309268831,31.97756269038804
0.9999824695112028,0.004978347003270709,0.003215155725821241,-0.24570197487906084,-0.004976146956731778,0.9999873667070743,-0.0006917909040241764,-0.4109137804961947,-0.0032185586152129624,0.0006757810310867133,0.9999945928275403,32.97748364078351
0.9999894185761121,0.004161478130355175,0.0019761909142516063,-0.23875120690525353,-0.004160183490056716,0.9999911166133029,-0.0006586005984138535,-0.43615698245040113,-0.0019789136626639013,0.0006503736546256141,0.9999978311970007,33.97714081651258
0.9999984213809322,0.0013971868828549804,0.0011249886253751587,-0.27335319279352144,-0.0013967879801212448,0.999998948542023,-0.00035508467508522815,-0.43974682076202976,-0.001125483124269602,0.00035351408968481316,0.9999993048994611,34.976535541908355
0.9999999371741365,0.00039141887610122703,0.00018148811511809037,-0.2796011862325947,-0.00039157050135481063,0.9999995599617261,0.0008372191087503133,-0.44340594312792964,-0.00018115990833227562,-0.0008372887564673558,0.999999633806186,35.97650932900088
0.9999990316630256,0.0001848445120114269,-0.0014010711856388988,-0.26846937194856446,-0.0001836468413061603,0.9999996049086606,0.0008547767545519631,-0.4666032136582634,0.0014012290304558314,-0.0008545172592670975,0.9999986539197631,36.97617825958431
0.9999918350401306,0.00018949940435204445,-0.004044062066479616,-0.269870753785219,-0.00018539990075873037,0.9999994557929919,0.0010140155506234163,-0.4715111303091994,0.004044252374714545,-0.0010132561346094444,0.9999913093715442,37.97616523447548
0.9999847019158268,0.00029714913335357143,-0.005528845418106521,-0.27338325746575953,-0.0002874012707835359,0.9999983903511293,0.0017637694292989034,-0.48783277398762237,0.005529360950070953,-0.0017621520694198493,0.9999831610939497,38.97602585861058
0.9999817924616491,-0.0008045816071307877,-0.005985640197585233,-0.29505849050037636,0.0008211571095679929,0.9999958211090433,0.0027672463553417804,-0.5104626973153336,0.005983389031594541,-0.002772109724917567,0.9999782577372618,39.97553477415937
0.99997305983106,-0.0028363346860563327,-0.00677460793005441,-0.2941173954335299,0.0028546298227302637,0.9999922881074245,0.0026923969232817333,-0.5180163281257726,0.006766919458828332,-0.002711661992668252,0.9999734282340481,40.97550580297191
0.9999581140923655,-0.004546308887541551,-0.007947429225155444,-0.28783556345152433,0.004558262333330341,0.9999884931575322,0.0014866014825524643,-0.5304726895136229,0.007940579521225375,-0.0015227643078236557,0.9999673144006305,41.97540848778754
0.9999492668234444,-0.006006182700862919,-0.008090120120853445,-0.29458446918772496,0.006020815958512367,0.9999802675081085,0.0017856529743380952,-0.5344585891279882,0.008079235819708598,-0.001834270127915294,0.9999656808538716,42.97537777048842
0.9999401254810929,-0.007720394731528908,-0.0077589595304854925,-0.29779525810752117,0.007738057357395439,0.9999675187970996,0.0022490011217089884,-0.5432061765645274,0.007741344636749321,-0.0023089043516849,0.9999673704815519,43.975334355548306
0.9999169927548295,-0.010569811638376595,-0.007372053785605245,-0.330020141718097,0.010590802192736056,0.99993994302655,0.0028141492344364487,-0.5475593362404739,0.007341866328525672,-0.0028919902085725027,0.9999688669530301,44.974805519906205
0.9999197647213552,-0.01068325015165304,-0.0068112246135965645,-0.32798874497278196,0.010697072495090835,0.9999407792550987,0.001996198807612709,-0.5734920430008059,0.0067894956793898165,-0.002068897424740249,0.9999748116306454,45.974467147430616
0.9999053234237204,-0.011959410387667827,-0.0068100798111412975,-0.3238583882507862,0.01197514413388054,0.9999256959820364,0.002274340509037583,-0.6250583511639219,0.006782374347981354,-0.0023556754845871827,0.9999742255053851,46.97312817965943
0.9998859477770988,-0.013348710298528844,-0.007068512305110282,-0.32123458963985646,0.013371933572441016,0.9999053019123519,0.003248505355006696,-0.6460320707344359,0.007024479896127043,-0.0033426531320000907,0.9999697419602794,47.97290476479535
0.9999169519258335,-0.0113806966383775,-0.006052230194282991,-0.33728193592092476,0.011401958904082962,0.9999288909304521,0.0034903585323595616,-0.6910199891828541,0.006012077450867497,-0.0035590745395559604,0.9999755944006965,48.97176339902753
0.9999488859901671,-0.008650863902861829,-0.00523912738019454,-0.3624568350743049,0.008677604897747512,0.9999493146230135,0.005103091723995495,-0.707012531537461,0.005194716027618531,-0.0051482925291701015,0.9999732553890158,49.97131853232019
0.9999551115912291,-0.00845381998638499,-0.004285816743252475,-0.4339560368769769,0.008478494296112858,0.9999473844504082,0.0057721445060520855,-0.6671418692581077,0.004236794934252077,-0.005808221232688312,0.9999741574754202,50.967961997266165
0.9999857886939231,-0.004313014482737436,-0.0031433757666948637,-0.4640849330782016,0.004332593728163527,0.99997107740275,0.006248774000604425,-0.6827256553610263,0.0031163341745422506,-0.0062623027143900835,0.9999755364557201,51.96738653002886
0.9999972577381097,0.0010179277870207065,-0.002123401569890549,-0.48892146240170636,-0.0010049869969504532,0.9999809594353299,0.006086456676390894,-0.7033581699713662,0.0021295570968768887,-0.006084304542355661,0.9999792236385144,52.96686511788566
0.9999870362623362,0.005034608316296756,0.0008003257564471582,-0.5840608099663491,-0.005039289588122986,0.999969531810738,0.005959462861744477,-0.749823292566357,-0.0007702973836302119,-0.00596341722600361,0.9999819227270104,53.96124406913277
0.9999373815377874,0.010669890101356097,0.0033833331972015998,-0.6213845717392613,-0.0106865841082557,0.999930605645207,0.004955300298369554,-0.7788133538961824,-0.003330225441475717,-0.004991144841601469,0.9999819996157723,54.96012670217085
0.9998917924769499,0.013284667316921572,0.00632308836378756,-0.6929020029408178,-0.013319287737059779,0.9998963463149955,0.005465106315571998,-0.8200235239534452,-0.0062498303263385764,-0.005548732534686563,0.9999650757261624,55.9567143704106
0.9998888684549956,0.012679427323827177,0.007844957455172968,-0.7412665047544246,-0.012717482650006735,0.9999074979809113,0.00482030118776359,-0.8214797334879319,-0.0077831125891312854,-0.004919532172683298,0.9999576105243192,56.9555430624271
0.9999046754164267,0.011158909875206386,0.008135066423359337,-0.7470729410696655,-0.011194902063941109,0.9999276750738053,0.004392377057246851,-0.8488473983244064,-0.00808546337543032,-0.0044830281975965615,0.9999572636988358,57.95515163462193
0.9999235935983627,0.008932980841176923,0.008548059052948241,-0.8211112847276989,-0.008974563991850253,0.9999480075146204,0.004838765920852818,-0.8654801360627384,-0.00850438946475535,-0.004915109874845329,0.9999517581056742,58.95226831655888
0.9999647354575965,0.005093595874771878,0.006681587927122125,-0.7906014097721836,-0.005124821671975344,0.9999759751830211,0.00466470219170924,-0.8431291408725382,-0.00665766677069802,-0.0046987782086110545,0.9999667986690335,59.95155285169171
0.9999558036731393,0.00782779677262393,0.00521313658335453,-0.7136035586153259,-0.007848289862495417,0.9999614960719065,0.0039223598521365075,-0.9005995303143184,-0.005182231924844419,-0.003963099285195011,0.9999787196736795,60.94692639308543
0.9999780253948363,0.005440299195090914,0.003796362345200698,-0.7311406041441744,-0.005456728766566778,0.9999757202124858,0.004330967978271658,-0.884931268916965,-0.003772707932397425,-0.004351587101072985,0.9999834157867002,61.946649834413925
0.9999916820438596,0.0034834610056456235,0.0021358458415030516,-0.7276676151739695,-0.003495311512508205,0.9999783650029009,0.005570144566845475,-0.891331859669424,-0.002116395799601483,-0.005577562236151737,0.9999822064177938,62.94662332018979
0.9999949285407723,0.0015042469097304237,0.0028179121551128927,-0.7704802384571562,-0.0015233828335342685,0.9999756989146216,0.00680110813739971,-0.9100143982692412,-0.0028076126652628874,-0.006805364940283007,0.9999729025343783,63.9455317461906
0.9999945115074588,0.0014207796297883927,0.0030031375503223987,-0.7875197028690657,-0.0014394360815356937,0.9999796104724162,0.006219393068639874,-0.9099885255927249,-0.0029942394619461438,-0.006223680303202815,0.9999761506243066,64.94538656438667
0.9999955178872383,-0.002230771902625987,0.002012052955405958,-0.77944998489688,0.0022186640189823994,0.9999795256221015,0.0060000044590878925,-0.8902176716664904,-0.0020253959435368426,-0.005995512047327652,0.9999799763447467,65.94515853565021
0.9999945142479164,-0.0030493545773670134,0.0013165886517526911,-0.7962863056131264,0.0030405778940674347,0.9999734680050641,0.006617579537601187,-0.93725491787532,-0.0013367326191049366,-0.006613538585377389,0.9999772376095182,66.9439097744846
0.9999865130473231,-0.005190909007209667,0.0002977953618846739,-0.7896391961490237,0.0051890725206434245,0.9999693092778364,0.005867556196929444,-0.9255783749927805,-0.00032824373910515336,-0.005865930333591544,0.9999827421517069,67.94381950831162
0.9999915562324909,-0.0041164212345369275,5.508977499998269e-05,-0.7933099305919817,0.004116095411873216,0.9999790869369812,0.004985743092398357,-0.937647329845608,-7.561161374271342e-05,-0.004985472807165761,0.9999875703365774,68.94373993888719
0.9999928853466762,-0.0036898703553820997,-0.0008213450749000654,-0.7679116665809089,0.003692655645425947,0.9999873352049765,0.0034158323840729437,-0.9413052470839466,0.0008087311067239662,-0.003418839619944147,0.9999938294677267,69.94341065935456
0.999989640197511,-0.004140176544054378,-0.0019075981702282368,-0.7632035656989954,0.004145233511613105,0.9999878718748693,0.0026546806298194127,-0.9448087003000851,0.0018965845833600475,-0.0026625591742634887,0.9999946576004495,70.9433934397468
0.9999957516828676,-0.0023272857260990204,-0.001772244991035142,-0.7569792387441936,0.0023324568583444126,0.9999929997576873,0.0029213468756291877,-0.9640397289989698,0.0017654341709332395,-0.002925466751220057,0.9999941631681428,71.94318913223525
0.9999976394350489,-0.0016712388521407595,-0.0014101701923839248,-0.7569299288787168,0.0016776412472629604,0.999988223144736,0.004551184309680679,-0.9834854208333839,0.0014025478690388679,-0.004553537900115614,0.9999886497535591,72.94300004638787
0.9999974379606641,-0.0021671712449294334,-0.0006985240481537966,-0.7686281418527564,0.0021727055167611864,0.9999654517101375,0.008021778095890905,-1.023668870597033,0.0006811157612305064,-0.00802327374759902,0.9999675817963151,73.94212388431188
0.9999943281876214,-0.0033705109434068467,-0.0002091494951782466,-0.7756930317836951,0.0033718781603102564,0.9999703396117685,0.006922753883973365,-1.0385283585748228,0.00018581049654956095,-0.006923418381549955,0.999976016330518,74.94198851734079
0.9999892440484598,-0.0046412495498044425,-0.00017630924491722117,-0.7672335318920847,0.0046420192948502135,0.9999783999476581,0.004650320626453657,-1.0440893331167418,0.00015472256289516496,-0.004651087612512462,0.9999891724057957,75.94193727297933
0.9999843361235309,-0.005584351271963038,-0.00045058117537138227,-0.7660923904804162,0.005585827880433414,0.9999787902149385,0.003345419868946627,-1.0433724927336157,0.0004318900403942642,-0.0033478829313886866,0.9999943033011487,76.94193636569041
0.9999714024344071,-0.007536823275539219,-0.00067164218267319,-0.7682104064941332,0.007539782205090754,0.9999613566567452,0.004517860604621796,-1.0554204503843083,0.0006375663318867518,-0.004522794017721083,0.9999895696092659,77.9418615439765
0.9999514564054356,-0.009849447884167702,-0.0003656555320890891,-0.766035527671429,0.009851549234434615,0.9999317604601737,0.006276590447089119,-1.0532809708844282,0.0003038100587533567,-0.006279886581289395,0.9999802359086171,78.94185689097628
0.9999375103548753,-0.011161573519485378,0.0006746531005708376,-0.7745465050845793,0.011156684542197154,0.9999142110281177,0.0068609883387066055,-1.0694328570385396,-0.00075117419993639,-0.006853031246208888,0.999976236309613,79.94169021772001
0.9999270018264623,-0.011998447366473309,0.001445259173775451,-0.7713734885249098,0.011990721918248352,0.9999143649221824,0.005240190558460882,-1.0760126777211285,-0.0015080090972171675,-0.0052224769007336025,0.9999852264546026,80.94166353706102
0.999952895790887,-0.009620945550233852,0.001305412226988984,-0.7684642763237679,0.009616880266424018,0.9999489839643405,0.0030853313543015536,-1.0963657463823508,-0.0013350289787814637,-0.003072630631225394,0.9999943890455129,81.94145215997136
0.9999493532398396,-0.009375558379656628,0.003667472595583871,-0.7987308528981841,0.009366897484347788,0.9999533044430816,0.0023715715930743898,-1.1352020498436228,-0.0036895356538729136,-0.0023370972550297874,0.9999904633480052,82.94023926303329
0.9999683913650118,-0.006856307959247253,0.004033336953655253,-0.801365795692627,0.006844354215519738,0.9999721534267604,0.0029700796894409735,-1.1571710555921042,-0.004053587922455732,-0.002942378825564031,0.9999874560791654,83.93999444370127
0.9999785994429157,-0.005438273579506641,0.003645042057693951,-0.7852520263928106,0.005422705559471131,0.9999761787748865,0.004267356808720914,-1.1582836774047918,-0.003668161792826842,-0.004247498075880152,0.9999842522925229,84.9398639902029
0.9999754790722398,-0.006025659710478312,0.0035767547079380603,-0.7709457603289985,0.0059978194700186244,0.999952014360207,0.0077439864095501494,-1.187773195186763,-0.0036232452126645086,-0.007722342314196107,0.9999636188418008,85.93932669610881
0.999954610929483,-0.008843311316741816,0.003554211693901229,-0.7739313381601054,0.008813796903598584,0.9999272302809996,0.008235612524409719,-1.1764033169330894,-0.0036267826471810265,-0.008203911134220065,0.9999597710776225,86.939257600573
0.9999524256432364,-0.007834510667403543,0.005816131682946218,-0.7875080989311819,0.007789478609813957,0.9999398073395721,0.007725277187778964,-1.1940195820202255,-0.005876304831916719,-0.007679603554241371,0.9999532460143582,87.93901024007874
0.9999545560022947,-0.005126277859749891,0.008041623001694405,-0.7978969943070435,0.0050699523554903056,0.9999625707368709,0.007009058093849219,-1.2037450912512622,-0.008077251827008579,-0.006967967464282794,0.9999431018394095,88.93890897833964
0.9999521297650394,-0.003333459127725182,0.009202538972950655,-0.7947047422131297,0.0032749034031865475,0.9999743310222913,0.006370752794022832,-1.2058381848590416,-0.009223538818646838,-0.006340308943569836,0.9999373621872728,89.93890169329666
0.9999444600437448,-0.0029949195990207587,0.010107807841581995,-0.7968842373534402,0.0029375406936558344,0.99997950259922,0.005686776154457354,-1.2193911918122546,-0.01012463150206794,-0.005656766770677381,0.9999327448936401,90.93880747247995
0.9999464868398193,-0.0009311176057102289,0.010306161829196317,-0.781444048892449,0.0008870939685920814,0.9999904542946425,0.004275344527270795,-1.2212473708200382,-0.010310043704777663,-0.004265971784655424,0.999937751046243,91.93868654351085
0.9999326076442779,-0.0025240208232978844,0.011334460002163363,-0.7742790382072906,0.0024796721397870153,0.9999892094978363,0.003925086102561366,-1.234438856932628,-0.011344244083997548,-0.003896714422456472,0.9999280600256963,92.93857386154652
0.999901989866024,-0.0026405311008229015,0.013751318206473899,-0.7763860532779172,0.002575683520348999,0.9999854772340538,0.0047313171870219176,-1.2452682301231095,-0.013763611036495696,-0.0046954329984800975,0.999894253110834,93.93851300300149
0.9998812021118911,-0.004403638871442949,0.014773290862705788,-0.7680080425707497,0.0043245280551172235,0.9999761494858367,0.0053826669523226,-1.2562688133681479,-0.014796641161062158,-0.005318138554649717,0.999876381507506,94.93841739721469
0.9998777696680701,-0.005266226617657271,0.014723215537440302,-0.7552720892276343,0.005187644426216458,0.999972110271459,0.00537040142747734,-1.2609448666457395,-0.014751085989008178,-0.005293364757884995,0.9998771860761521,95.9383253587337
0.9998698209499935,-0.007882435975841822,0.014080797259359044,-0.7325435809491305,0.0078070599392427945,0.9999549306161069,0.005400068386823959,-1.2632953603293757,-0.01412272767382832,-0.00528943434742086,0.9998862794994312,96.9380642704591
0.9998552963575176,-0.009465689428432247,0.01413674518444155,-0.7258796892028557,0.009379466920235842,0.9999370678457554,0.0061530590168803806,-1.2759463689584805,-0.014194097805000928,-0.006019572066147804,0.9998811398478931,97.93796203822387
0.9998448718623715,-0.012037068687578265,0.012860858558916416,-0.7230537708738802,0.011964202858624626,0.9999120090104385,0.005727676108703592,-1.2823217868666517,-0.012928670698202313,-0.005572916225908463,0.9999008918700872,98.9379377227785
0.9998372393318027,-0.013918098365106345,0.01148224186310095,-0.7112677280098259,0.01385148766438883,0.9998868765137108,0.005860431048850838,-1.2989251669250168,-0.011562508376017638,-0.0057004296300280696,0.9999169040405143,99.93773041049621
0.999832055004565,-0.015601824705133204,0.009617969960592934,-0.6828170104692035,0.01553822252716698,0.9998571312732389,0.006652433365686349,-1.305822299045655,-0.009720385349352267,-0.006501868513110839,0.9999316183111611,100.93730181253588
0.9998166785521471,-0.017053454593286232,0.008709160139238285,-0.6941960978250179,0.016996481269541397,0.999833922041189,0.006574355263199167,-1.308654897499218,-0.008819828618292815,-0.006425123515433135,0.9999404631751007,101.93723305728776
0.9997882365649876,-0.019085997210630395,0.0076985213963881765,-0.7436915913855584,0.019036907355725587,0.999798284111045,0.0064001120208581844,-1.2925192338222362,-0.007819120425977358,-0.006252199226067079,0.9999498851664922,102.93587705696827
0.9997977193945035,-0.019043668469239997,0.006474525444060815,-0.7406398218654443,0.019006137993650054,0.9998024759054616,0.005809481802641369,-1.3063281792407708,-0.006583879858752301,-0.005685249496012822,0.9999621652582926,103.93577705255467
0.999812726648996,-0.018963418670215462,0.003867929417813022,-0.7064946429375351,0.018944246763620443,0.9998083528008846,0.004934305531746382,-1.3079111974394522,-0.003960758929277261,-0.004860105035015442,0.9999803464326849,104.93519268300399
0.9997587603204181,-0.0216960583551386,0.0034296806519437846,-0.7294643743780597,0.021687111316222363,0.9997613491988353,0.002624507157965416,-1.3232670284252748,-0.0034858031082203003,-0.0025494927727459835,0.9999906753301114,105.93481090579716
0.9996217842786149,-0.02743202122860607,0.0019578309159032897,-0.7252542356014196,0.027427472964382714,0.9996211075591606,0.002312841526286034,-1.335035349683065,-0.0020205345348997946,-0.002258267042308006,0.9999954095664834,106.93473279414602
0.9994064011753379,-0.034440990483618206,0.0008508579258077704,-0.7118232042597128,0.03443682359796768,0.999396720482887,0.0045027164549501,-1.3431035236128273,-0.0010054221511788266,-0.004470741393549368,0.9999895014856756,107.93461004333652
0.9991978680599869,-0.040038669764393776,-0.0007654298254690011,-0.6850626086156497,0.0400421750827618,0.9991838831010597,0.005307179351627368,-1.3547644410405886,0.0005523132094872186,-0.005333570347058247,0.9999856246273501,108.93418390005691
0.9990910858403547,-0.0425877591753469,-0.0018290592407274665,-0.6776428610658967,0.04259091665692402,0.9990910941161981,0.001724431199441571,-1.3690574870751713,0.001753957586511733,-0.0018007637874445938,0.999996841178234,109.93405422046376
0.9990391471551349,-0.04382345754551126,-0.0005895042323375643,-0.7150718102132999,0.043823524138186284,0.9990392696061069,0.00010345987909544699,-1.4166503435318494,0.0005844043782680976,-0.00012919328892357693,0.9999998216322323,110.93221953499113
0.9992051209686531,-0.039857030841788314,-0.0007770569075022394,-0.6861652111069042,0.039855000352906345,0.9992024035571251,-0.002471812993516576,-1.4310252242254322,0.0008749567164631867,0.0024388798905471856,0.9999966438941199,111.93169828556368
0.9991223523809936,-0.041884963354467834,-0.0004850901008969663,-0.7020605740942032,0.041884188808002716,0.9991213232032001,-0.0015067964438994265,-1.4714128479589825,0.0005477764455223661,0.0014851577097518955,0.9999987478649273,112.93075593085585
0.9989820753502746,-0.045102621981362036,-0.0007919054275169417,-0.6645624761267064,0.04510406317118301,0.9989804548042619,0.00191012865041061,-1.4859931656088672,0.0007049467035758462,-0.0019439010728891813,0.9999978628890382,113.92994625733981
0.9987633292665574,-0.049676250502532146,-0.0020353730207479507,-0.6444665517601762,0.049684487342046176,0.9987560360529013,0.00421975738577722,-1.4956907747414827,0.0018232198225576074,-0.004315664000349511,0.9999890261385844,114.92969728219389
0.998551353212285,-0.053754983243733595,-0.0023785014865229577,-0.6420458818561108,0.053768020183963386,0.998536551788191,0.005807661783174604,-1.5086468397660298,0.002062830369808411,-0.005927134423736244,0.9999803074522359,115.9296104195128
0.9983376172836937,-0.057519932745971315,-0.0036769210159327136,-0.6436317549054608,0.05754486209505827,0.9983178146482026,0.0070784171563278596,-1.5359225339759597,0.003263586118433826,-0.0072782365854515835,0.999968188374877,116.92923711128367
0.9984713978998323,-0.05522814322392343,-0.0021863821562643536,-0.6672478779478306,0.05524355584906743,0.9984427172597821,0.007762993945318614,-1.5488645994993702,0.001754242065564935,-0.007871909484905983,0.9999674780510197,117.92887443708234
0.998618941894641,-0.05249188959900651,-0.0022070139314159434,-0.6642712443614274,0.05250887069334418,0.9985841826318689,0.00851016350565685,-1.5706006609872576,0.0017571751018250995,-0.00861429681452517,0.9999613531081751,118.9286337504667
0.9987308328799367,-0.05036632173436531,0.00013260783710037375,-0.7472467487196955,0.05036426432179703,0.9987078846727232,0.006780572158730841,-1.5750116327143582,-0.0004739484749137644,-0.006765286342975078,0.9999770036142931,119.92517557638931
0.9988405850695458,-0.04814086269848112,-5.874958867661831e-05,-0.7448407652779818,0.048140334047492676,0.9988222254286221,0.00605346302133138,-1.572488430097989,-0.00023273804775996132,-0.006049271341183265,0.9999816766486881,120.92516949946341
0.9989545321823505,-0.04571535504279987,-9.71627123721856e-05,-0.7503263925968521,0.04571491096421643,0.9989299289588234,0.007008432977039238,-1.5806976354458566,-0.00022333377436123685,-0.007005546224050403,0.9999754366623249,121.92512075742427
0.9991291152271049,-0.04172076843819004,-0.0006701353374415452,-0.7029222689370732,0.04172419426132046,0.9991088553308481,0.0063687518138124295,-1.6104025310077377,0.00040382940062571205,-0.006391164783506269,0.9999794954989851,122.92355476615562
0.9991653714087931,-0.04083545151619926,-0.0010425794632183873,-0.7370354157567934,0.040839250381451045,0.9991579893428665,0.00392964979882489,-1.621959109063635,0.0008812330376412684,-0.00396894676592757,0.9999917361527454,123.9229059257621
0.999307480874735,-0.03717761365502863,-0.0015633955514428551,-0.7479142030055453,0.03717920353175463,0.9993080997346752,0.001001407187624851,-1.6329986898348519,0.0015250843538182806,-0.0010588381434021115,0.9999982772302056,124.92278580909458
0.9995013223621119,-0.031501200292921125,-0.0022003343920069755,-0.7493111060452967,0.03150104091260605,0.9995037004739755,-0.00010652319179953271,-1.6597716064683161,0.002202598402361314,3.7158583824724526e-05,0.9999975743287565,125.92242637499203
0.999648490936985,-0.026460693178954466,-0.0016693648011410385,-0.7619361212727743,0.026462877573290692,0.9996489373838222,0.0013008785011191812,-1.6835980753064421,0.001634357032242424,-0.0013445960651766032,0.9999977612086899,126.92206276377352
0.9997314626669862,-0.023167357337365562,-0.0005801746914619648,-0.7836750818363111,0.02316922135262004,0.9997256072783874,0.003445507322771877,-1.7100892420764646,0.0005001926403623925,-0.0034580228729857772,0.9999938966658803,127.92147540982107
0.9997724706350707,-0.021318709821296855,-0.0007616211287829041,-0.7716726960853437,0.021322595869529015,0.99975737690499,0.005523442438933993,-1.7348440099470204,0.0006436841144459662,-0.005538423999476019,0.9999844563863192,128.92109691100177
0.999711040485673,-0.02396354901466191,-0.0019090166621966317,-0.7722672560659989,0.023974760914598374,0.9996940331183258,0.006084831438985529,-1.7458748038241827,0.0017626188339802229,-0.006128839944862913,0.9999796657830877,129.9210358939078
0.9996177948635296,-0.027423434938448336,-0.0035042692951235887,-0.8193779496238258,0.027443393769510587,0.9996066314826999,0.005780711129137517,-1.7351039638040424,0.0033443642728429026,-0.0058746693173427275,0.9999771522249407,130.91986749791255
0.999556833404948,-0.02915455169154441,-0.006017425037307496,-0.8220310370045951,0.029166227235459086,0.9995728281032384,0.0018619058730609838,-1.7479929386045232,0.0059605718927792355,-0.002036584952619073,0.9999801624973976,131.91978091261336
0.9996597650631933,-0.025410898915721257,-0.0058907406188157055,-0.8447234532797192,0.025393667902959455,0.9996730697135728,-0.0029815275971960694,-1.7644871845195713,0.005964578409924298,0.0028309269592480734,0.9999782053329079,132.91938733293017
0.9998000073670728,-0.018532494939602923,-0.007520132648889276,-0.8055329285652024,0.018499202259591504,0.9998188577785144,-0.004472732180846567,-1.7776458540712379,0.007601661641673308,0.004332722483517916,0.9999617211373875,133.91853244439062
0.9998586300640016,-0.015180254728685519,-0.007234656028592767,-0.8416062448947911,0.015156413241395687,0.9998795472698396,-0.003338903420597464,-1.8039174673181135,0.007284470319545273,0.0032287812544710905,0.9999682559699854,134.91753620796075
0.9998897341121995,-0.013061278807326233,-0.0070698732586892835,-0.854784856157868,0.013059868468660167,0.9999146732205806,-0.00024556200191664317,-1.804683575058054,0.007072477684228007,0.00015320465281234733,0.9999749787227779,135.9174490735471
0.9999250976397253,-0.011302080847472482,-0.004703464004881022,-0.8778024274086397,0.011307125493258413,0.9999355109482673,0.0010473989895055302,-1.8015038944577395,0.004691323253343511,-0.0011005018301696702,0.9999883908654812,136.91717907837293
0.999947637858564,-0.009823754006229538,-0.0028767852275260438,-0.9146592605426715,0.009830667673581678,0.9999487868026811,0.002399152323997228,-1.8395057699628874,0.0028530696028850324,-0.002427306031684338,0.9999929848069683,137.9157768115473
0.9999243953819665,-0.011949327385122733,-0.0029116301264387207,-0.9268977328594891,0.011957906543397675,0.9999241452866743,0.002947258174905884,-1.8433416294865057,0.002876191902212979,-0.00298185095414201,0.9999914187476354,138.91569456188915
0.9998880335615602,-0.014360580417592908,-0.004213616665867429,-0.8942652754697621,0.014374737742472471,0.9998910561123241,0.003349180250856322,-1.853095353563434,0.004165061817080451,-0.003409373488178391,0.999985514853269,139.9151143881566
0.9998296186095739,-0.017840198941468398,-0.00474568727407066,-0.881751173894086,0.01785363034007122,0.9998366687008482,0.0028032109816387998,-1.8404589575612411,0.004694902680415298,-0.002887459721744168,0.9999848108591731,140.91495623579618
0.9997946797154664,-0.019893487274092243,-0.0038610972098528117,-0.8832142789585742,0.01990828235687063,0.9997944533572863,0.003832168647328362,-1.8625649833727063,0.003784068761146241,-0.0039082482315991995,0.9999852038421622,141.91471079785435
0.9997226926456835,-0.023181822877889495,-0.0041474561195090735,-0.8867797128803386,0.023200671844365563,0.9997204337247803,0.004556029636072036,-1.869175246161991,0.004040679943838432,-0.004650988565887668,0.9999810211673175,142.91468259424133
0.9996610154863738,-0.025729311219411688,-0.003989631043976342,-0.8944666069742243,0.025746946871186602,0.9996586455118621,0.004434114019651978,-1.8818520435127621,0.003874182857335394,-0.004535330327191147,0.9999822113267268,143.91457269415753
0.999741468003737,-0.02270676628627806,-0.001208475690312454,-0.9267300647374105,0.022706387056155505,0.9997421107129123,-0.00032594644487661837,-1.900133989519837,0.0012155656585962024,0.000298423396670806,0.9999992174134366,144.91388487821376
0.9998798754287548,-0.015498558326633735,-0.0002998288081392015,-0.9421656441265678,0.015496992544692051,0.9998690339779257,-0.004661791614484538,-1.9318721190133017,0.0003720410257890274,0.004656586440978447,0.9999890895765173,145.91326190186254
0.9999465865604488,-0.010317158974235489,0.0006638913670151675,-0.9729530285404064,0.010319631047828457,0.9999393839251693,-0.0038350850481860903,-1.9345950286606737,-0.0006242834970407272,0.0038417325998859803,0.999992426393633,146.91278414985425
0.9999953039118636,-0.002737809534761359,0.0013989453566049025,-0.9772982006453905,0.002738035649489825,0.9999962259140766,-0.0001597038584257187,-1.9549984544205623,-0.0013985023901258542,0.00016353481784296724,0.999999009465163,147.91256653673227
0.9999953308890045,-0.0016790001079333744,0.0025650835791118623,-0.9888300041410586,0.0016750610236551096,0.9999974028807868,0.00153707162675716,-1.9651198124348628,-0.0025676571947477926,-0.0015327664027264304,0.9999955296137898,148.91244881833947
0.9999895866444194,-0.0035388506935647916,0.00289199471502257,-1.0227785204383408,0.0035330970533513847,0.9999917612304241,0.00199220566797957,-1.9787251367093859,-0.002899020532982807,-0.001981965842015186,0.9999938344686079,149.9117797919785
0.9999794889192252,-0.0056426526780133015,0.0030401819913190363,-1.0559582904992209,0.005638950806847484,0.9999833379751707,0.0012248235672321897,-1.9780707314114416,-0.003047042110443601,-0.0012076536394217867,0.9999946292810495,150.9112289783482
0.9999575598589869,-0.008598238351261746,0.003318022461545893,-1.089278556593116,0.008595647029027235,0.9999627282923715,0.0007943961020609213,-1.988445622850659,-0.003324728712349694,-0.0007658404778081551,0.9999941805586828,151.91061985432495
0.9999592945329209,-0.00874321792472231,0.002241854697244756,-1.0824042376686396,0.00874193580934328,0.9999616068718663,0.0005809711505122119,-2.0043643775485807,-0.0022468477126364496,-0.0005613479953535737,0.9999973190202381,152.91046951223893
0.999964756970739,-0.00814129335206886,0.0020651038581583144,-1.0968796525790578,0.008138658284854269,0.999966047001367,0.0012811216650925855,-2.0303960095554077,-0.0020754632624720606,-0.0012642679713333082,0.9999970477769534,153.91002582275556
0.99996832032403,-0.007637319993570787,0.002256144186905899,-1.1327289818424973,0.007631638082804744,0.9999676997081244,0.0025163122926073027,-2.057185399925006,-0.0022752887258261282,-0.002499013111515502,0.9999942897229773,154.90902389862606
0.9999503981993476,-0.009692617832452228,0.002305384015460283,-1.140004294016329,0.00968594511784046,0.9999489065629236,0.002888064702443393,-2.0857977422918674,-0.0023332586600267997,-0.002865590231753858,0.9999931728669593,155.90858800616414
0.9999446303078989,-0.010231202941493583,0.002473721833092908,-1.1268655796831628,0.010225987192705796,0.9999454701627767,0.0021118886845525424,-2.0899140629652293,-0.0024951936268738767,-0.0020864741208761603,0.9999947110452067,156.90849321746333
0.999922903193146,-0.012312368718851321,0.0016290307730077616,-1.1245106978802073,0.01230918680649495,0.9999223270183494,0.0019488553845114472,-2.106644127344929,-0.001652898802288573,-0.0019286517121464525,0.9999967748508001,157.9083504877329
0.9999261200108227,-0.012096163158103867,0.0012238675959725719,-1.1274582837069125,0.012093734740301775,0.99992491017347,0.0019722529115685306,-2.121400871569711,-0.001247631930875548,-0.0019573046931723333,0.9999973069247649,158.90823725715921
0.9999250311638203,-0.012243296012845344,0.0003070011612961261,-1.127242879841296,0.012242655070020415,0.9999230263806393,0.0020082075485186816,-2.1425860881758254,-0.0003315641666834777,-0.0020042971071871016,0.9999979371689667,159.9080128027759
0.999908620594789,-0.013511631460013305,-0.000496759954615324,-1.1173249051250798,0.013512501163915645,0.999907083188937,0.001792062450207649,-2.146764357506236,0.00047250054133980316,-0.0017986097870165724,0.9999982716134821,160.90795488976352
0.9999310653314085,-0.011729452328581386,0.0005873910139423832,-1.1542344369154314,0.011728660034135726,0.999930314106195,0.0013340360668506347,-2.166365410590815,-0.0006029971466178096,-0.0013270534279971782,0.9999989384031963,161.9070812514671
