0.9999966058817645,-0.0001653158588790751,0.0026001722284805275,-0.021700582646517152,0.00017074052393628738,0.9999978093315767,-0.0020861878442046426,-0.009788992651078217,-0.0025998216524301086,0.00208662471820506,0.9999944434468929,0.9997165900072275,0.0,0.0,0.0,1.0
0.9999986362203829,-0.00014369531447293098,0.0016452686804457831,-0.0011869009241680434,0.00014349993926201436,0.9999999826391824,0.00011886716192955823,-0.015860973812599998,-0.0016452857325367888,-0.0001186309038652307,0.999998639479858,0.999873502387133,0.0,0.0,0.0,1.0
0.999999508706141,-0.0002707722680236001,0.0009535564249413715,0.001967354431706632,0.000270768154855357,0.9999999633324341,4.442596295778714e-06,-0.011169700667643938,-0.0009535575929086558,-4.1844013994266765e-06,0.9999995453551005,0.9999356815833382,0.0,0.0,0.0,1.0
0.9999992881345003,-0.00047300473005341,0.0010954437535319536,-0.010362447543913217,0.00047348627660149026,0.9999997913811319,-0.0004393727795996734,-0.008763167567574124,-0.0010952356995987192,0.00043989114440944575,0.9999993034770291,0.9999079090471693,0.0,0.0,0.0,1.0
0.999998991315335,-4.480337708902629e-05,0.001419634097378412,-0.010205661243389497,4.489052967898295e-05,0.9999999971099517,-6.135907765686399e-05,-0.015064521226906205,-0.0014196313441816998,6.142274389147988e-05,0.999998990436537,0.9998344386341117,0.0,0.0,0.0,1.0
0.999996413309793,0.0013411297872136757,0.0023183482143910826,-0.011224661330212892,-0.0013385282711726098,0.9999984732350929,-0.0011233296712934299,-0.02489573187598063,-0.002319851205701424,0.001120222467630539,0.9999966816904976,0.9996270352048214,0.0,0.0,0.0,1.0
0.9999967718806131,0.0015926997781223026,0.001979781747969863,-0.008653481171076862,-0.0015916853941551682,0.9999986012512014,-0.0005138416554615142,-0.010159745542363543,-0.0019805973742431666,0.0005106888070274453,0.999997908213304,0.9999109444516228,0.0,0.0,0.0,1.0
0.9999992674326147,-0.001106529387359283,-0.0004906393267953735,-0.0007801365955893562,0.0011071886849918515,0.9999984818495992,0.0013455228397862944,-0.017830144006873456,0.0004891497213674906,-0.0013460650844111903,0.9999989744201433,0.9998407259916884,0.0,0.0,0.0,1.0
0.9999985159108272,-0.0013506566560859818,-0.0010695338892301696,-0.013762735651426487,0.0013514145177655468,0.9999988360755506,0.0007081852474873362,-0.01732819341701514,0.0010685761292552574,-0.0007096295801024416,0.999999177285119,0.9997551304295924,0.0,0.0,0.0,1.0
0.9999958466935631,-0.0007052259400449803,-0.0027945038910372096,0.009696320349344255,0.0007029869694409147,0.9999994312172321,-0.0008021063099845124,-0.008928431638291111,0.0027950679677480415,0.0008001384787697501,0.9999957736778046,0.9999131284667502,0.0,0.0,0.0,1.0
0.9999973617153811,-0.0005784168856809785,-0.0022230600941401217,-0.018114033778090607,0.000577209431514244,0.9999996855810351,-0.000543752796797848,-0.02408704777196628,0.002223373910967129,0.0005424681909700774,0.9999973811649279,0.9995457447810567,0.0,0.0,0.0,1.0
0.9999971255051034,0.0005649614568053684,-0.0023301931428468606,0.041889620428489205,-0.0005659663003216551,0.9999997471368641,-0.00043059070451577364,-0.009658466183274107,0.0023299492864752094,0.0004319082775770724,0.9999971923918397,0.999075559570618,0.0,0.0,0.0,1.0
0.9999977659388447,0.002087039692302892,0.0003352352043395797,-0.0032020302952178114,-0.0020869098608367114,0.9999977474512625,-0.00038716874056746837,-0.000101985010693636,-0.00033604248573512654,0.00038646826995518874,0.9999998688588535,0.9999948682873558,0.0,0.0,0.0,1.0
0.9999988119092135,0.0008214481481914157,-0.0013043784347086668,0.04538985844041327,-0.0008217607036495417,0.9999996337696347,-0.0002391023669811275,-0.002381228277620347,0.0013041815468090787,0.0002401739698461359,0.9999991207130917,0.9989665112017764,0.0,0.0,0.0,1.0
0.999999654750663,-0.0007402601360055154,-0.00037750958358966427,-0.008875618671813515,0.0007404291774572134,0.9999996256030071,0.00044783755807293116,-0.019512910626184654,0.00037717792595956534,-0.0004481169225677775,0.9999998284640033,0.9997702084539664,0.0,0.0,0.0,1.0
0.999999102335293,-0.0011952192729009934,-0.0006056232313050892,-0.017877854560646438,0.0011957685598942406,0.9999988733542969,0.0009074291641107991,-0.026895972687550982,0.0006045379721565484,-0.0009081525347627989,0.99999940489623,0.9994783584297856,0.0,0.0,0.0,1.0
0.9999982543865641,-0.0017083346750230613,-0.0007568463930014337,-0.005567543561782864,0.0017077161010245973,0.9999982079447284,-0.0008171982931265108,-0.029271272573605234,0.0007582410848713866,0.0008159043878428786,0.9999993796850511,0.9995559989618438,0.0,0.0,0.0,1.0
0.9999998404962005,8.418313898596484e-05,-0.0005584986772987337,0.00205817534353817,-8.465810815706839e-05,0.9999996347667571,-0.0008504700801148686,-0.015020545005014742,0.0005584268780754994,0.0008505172259030882,0.9999994823898011,0.9998850669662026,0.0,0.0,0.0,1.0
0.9999990160769275,0.001220511272295213,-0.0006915181926295559,-0.004751546602467047,-0.0012201374121058475,0.9999991093990965,0.0005408009881424196,-0.014584884436693424,0.0006921776304649333,-0.0005399567088178719,0.999999614668366,0.9998823450540832,0.0,0.0,0.0,1.0
0.9999997148761248,-0.0001815915418254385,-0.0007329885270988962,-0.017492075646143714,0.00018174992219450081,0.999999960152458,0.00021601400036987128,-0.031792613206089365,0.0007329492715757238,-0.00021614715938687856,0.9999997080328428,0.9993414116482503,0.0,0.0,0.0,1.0
0.9999983528144307,0.0010651895795318477,-0.0014696052480911923,0.0247495083470343,-0.0010655824109938971,0.9999993967432357,-0.000266546974781446,-0.02372614189990767,0.0014693204384818928,0.0002681125212325719,0.9999988846059404,0.9994120931963579,0.0,0.0,0.0,1.0
0.9999998056692289,0.0002657628185829854,-0.0005639429305957606,-0.006770227747467776,-0.00026539078459859264,0.9999997471990764,0.0006596737943288262,-0.014374114482214076,0.0005641181047973684,-0.0006595240008771212,0.9999996233993571,0.999873766457096,0.0,0.0,0.0,1.0
0.9999980571786443,-0.0013006188020455317,-0.0014812257314768184,-0.008014267622379822,0.0013025967092955963,0.9999982603240668,0.0013351369416068522,-0.010153761234264641,0.0014794866504144995,-0.0013370637874378262,0.9999980116878631,0.999916332823539,0.0,0.0,0.0,1.0
0.9999979861291002,-0.00038840582977798534,0.0019689790896520037,-0.04112958501163127,0.00038833564989593943,0.9999999239488098,3.6024964207792554e-05,-0.023506965948980062,-0.0019689929322152314,-3.526026688340303e-05,0.9999980609098931,0.9988772596213432,0.0,0.0,0.0,1.0
0.9999990655723406,-0.0012992800535719102,-0.00042511855679733257,-0.02850452291714301,0.0012990414964766882,0.9999989989126324,-0.0005609500192960033,-0.02834414152835079,0.00042584696238763195,0.0005603972484826171,0.9999997523046136,0.9991917242523012,0.0,0.0,0.0,1.0
0.9999985439228773,-0.00036902489285956853,-0.0016661250712851185,0.003172738684698747,0.00036815756873176614,0.9999997965926571,-0.0005208403294664141,-0.024274658020995887,0.0016663169354298266,0.0005202261745272732,0.9999984763751382,0.9997002924412908,0.0,0.0,0.0,1.0
0.9999980685647367,0.0016676118502948764,-0.0010401622531503747,0.011766025859967047,-0.0016675050361652731,0.9999986043513408,0.00010354865999733995,-0.01089191085957245,0.0010403334804218144,-0.00010181398420424856,0.999999453669932,0.9998714551947614,0.0,0.0,0.0,1.0
0.999999799516203,-0.0005981010232082291,0.00020794884033953007,-0.011707056928410994,0.0005979932339659737,0.9999996870289298,0.0005180213651547333,-0.017935047313274426,-0.00020825860436609993,-0.0005178969093002951,0.9999998442055604,0.9997706131388068,0.0,0.0,0.0,1.0
0.9999999547307614,7.441504929083301e-05,0.00029154909622245047,-0.010061270055783323,-7.461449011947425e-05,0.9999997632050402,0.0006841217299528336,-0.019786384386553692,-0.0002914981182328344,-0.0006841434527703159,0.9999997234882532,0.9997536045635304,0.0,0.0,0.0,1.0
0.9999989971960898,-0.00014074817166394676,-0.0014091830139545299,0.011211298910555004,0.000140577073765903,0.9999999827361329,-0.00012151469156951658,-0.017552329842724635,0.0014092000925972504,0.0001213164708896014,0.999998999718206,0.9997830877214469,0.0,0.0,0.0,1.0
0.9999997546274086,-1.825791258576718e-05,-0.0007002940603625051,0.00010028339139438147,1.822687796332527e-05,0.9999999988516302,-4.4322914729326424e-05,-0.016895958436986915,0.0007002948688022009,4.4310139679336336e-05,0.9999997538118239,0.9998572480768128,0.0,0.0,0.0,1.0
0.999999389902891,-0.0009432741270518244,-0.000574828467739796,0.013019135125895418,0.0009434290192311277,0.9999995187238794,0.00026924653156810887,-0.00766634444030759,0.0005745742178015472,-0.0002697886771591256,0.9999997985392488,0.9998858581275647,0.0,0.0,0.0,1.0
0.9999985479693808,0.0003330660110287567,-0.0016712648390411443,0.03105176782491246,-0.000331084954423712,0.9999992424855519,0.0011855003479637211,-0.012545107362333463,0.0016716584229058348,-0.001184945295937852,0.9999979007291777,0.9994390466637848,0.0,0.0,0.0,1.0
0.9999970384129478,0.0009769290716538288,0.0022290749028103796,-0.04748839030121295,-0.00097803529232278,0.9999993990955026,0.0004952328749513821,-0.005861885404136197,-0.002228589755956467,-0.0004974115222003278,0.9999973929813403,0.9988545895605168,0.0,0.0,0.0,1.0
0.9999997068430702,0.0007483944211179724,0.00016192456137246753,-0.006279143813343122,-0.0007482942234411133,0.9999995290839511,-0.0006179705755475669,-0.016945341312162604,-0.00016238697085076657,0.0006178492271713097,0.9999997959463813,0.9998367005470372,0.0,0.0,0.0,1.0
0.9999968868988912,0.0021468446458116418,0.001271711678528755,-0.0002729375225086719,-0.0021460608595202406,0.9999975066365469,-0.000617368185771953,-0.0037054962548806916,-0.001273033901273455,0.0006146370931844839,0.999999000802466,0.999993097377484,0.0,0.0,0.0,1.0
0.999997649058339,0.0018756742244266948,-0.0010879908082100042,0.002401021051814691,-0.001872172501648106,0.9999930932899125,0.0032106607725615396,-0.04071865401407307,0.001094005447427385,-0.0032086163180121835,0.9999942539501939,0.9991677668505881,0.0,0.0,0.0,1.0
0.9999981732722708,-0.0007466266718497039,0.0017595456045092928,-0.01261419124494236,0.0007410411889831177,0.9999946917478197,0.0031729062606838457,-0.01809976138602634,-0.0017619052408390304,-0.0031715965688811354,0.999993418310904,0.9997566107893486,0.0,0.0,0.0,1.0
0.9999981264762848,0.0013207813247554255,0.0014151256525036637,0.009118083430905944,-0.0013253530280970397,0.9999938905559981,0.0032345463405892734,-0.025844050276670093,-0.0014108448784720283,-0.0032364158216586884,0.9999937675452574,0.9996244022730958,0.0,0.0,0.0,1.0
0.9999987606762668,-0.0006601381047613721,-0.0014292877991176622,0.026235374893821137,0.0006655699813639849,0.9999925460359105,0.003803273487059,-0.023487217350193056,0.0014267664595061028,-0.0038042200646257324,0.9999917460895216,0.9993798355606969,0.0,0.0,0.0,1.0
0.9999973447017643,-0.0012459074812379498,0.001938634562903916,-0.012806472495652699,0.0012436172370734917,0.9999985279948199,0.001182127049795291,-0.021551316838474725,-0.0019401045301589235,-0.0011797129915365953,0.999997422132512,0.9996857181158214,0.0,0.0,0.0,1.0
0.9999994186888849,-0.0009344399746074213,-0.0005379998382915932,0.03840373807115548,0.00093296258159648,0.9999958114813605,-0.002739817613798743,0.002863422890323183,0.0005405577799707031,0.0027393140873942816,0.9999961019702112,0.999258201723415,0.0,0.0,0.0,1.0
0.9999977078106945,0.0015643785995444357,0.001461879938468691,-0.00951960315737367,-0.0015617307470456258,0.9999971412588006,-0.0018106549368069689,-0.015028781203897588,-0.0014647083091665816,0.0018083677235946876,0.9999972922142066,0.9998417439231329,0.0,0.0,0.0,1.0
0.9999978931699628,0.0012108443446912855,0.001657561946938578,-0.018283656339735662,-0.0012086854804423807,0.9999984208733471,-0.0013028162657592523,-0.00588487565711736,-0.0016591368371459067,0.0013008100498886396,0.9999977775766153,0.9998155210584354,0.0,0.0,0.0,1.0
0.9999998203225068,-0.00034812150729858406,0.0004880229199462349,-0.007621660667042445,0.000348524026431824,0.9999995989914602,-0.0008249532848105517,-0.013267400989066494,-0.00048773554026392083,0.0008251232242980581,0.9999995406427482,0.9998829363278842,0.0,0.0,0.0,1.0
0.9999975315494608,-0.0012356537977788404,-0.0018466333358531325,0.0028496550416339246,0.001232723476220696,0.9999979806845348,-0.0015871419860877742,-0.015134086710795861,0.0018485907649406054,0.0015848616800412038,0.9999970354584251,0.9998814124112788,0.0,0.0,0.0,1.0
0.9999990245356323,-0.00022599221042621557,-0.0013783523878937252,-0.011661819220284237,0.00022680740601203005,0.9999997994613796,0.0005912999245805371,-0.018154769300091404,0.001378218482303871,-0.0005916119683182022,0.9999988752539146,0.9997671760585732,0.0,0.0,0.0,1.0
0.9999932820885225,-0.0011322547147724236,-0.0034862267691632195,0.00913467303650177,0.0011376415240944271,0.999998161574148,0.0015435738033810452,-0.020886412029448825,0.003484472641277308,-0.0015475295101238795,0.9999927317750003,0.9997401240027592,0.0,0.0,0.0,1.0
0.9999994029538045,0.0008448638724175003,0.0006930346831874983,-0.019180243006184844,-0.000845401729188651,0.9999993414326259,0.0007761637909974792,-0.022831730861140945,-0.0006923784740313632,-0.0007767492203113978,0.999999458636202,0.9995553163002575,0.0,0.0,0.0,1.0
0.9999987405068136,0.0011365780294771424,-0.0011077793866596857,-0.005867016225569365,-0.0011369643419655384,0.9999992930482494,-0.00034815957055260235,-0.015047443036546952,0.0011073828929944705,0.0003494186377093651,0.9999993258046448,0.9998695677830538,0.0,0.0,0.0,1.0
0.999999895292814,0.00039781333026783755,-0.0002261833666366616,-0.013805612178439435,-0.0003977739149638522,0.9999999057010361,0.00017428089865616225,-0.022778519472991362,0.00022625267657249738,-0.0001741909105644618,0.9999999592336257,0.9996452091232154,0.0,0.0,0.0,1.0
0.9999999908232022,-0.00013516534193087584,9.161057872913644e-06,0.00622115852960677,0.00013517562272644248,0.9999993505191457,-0.0011316752356420158,-0.008116892472618951,-9.008088652795627e-06,0.0011316764636085715,0.9999993596134131,0.9999477052541985,0.0,0.0,0.0,1.0
0.9999989693871145,-0.0013797581292415964,-0.00039685288639037045,-0.005081826740769934,0.001379385005940826,0.9999986078362398,-0.0009389475955855382,-0.021878414165349656,0.000398147854484103,0.0009383992149729868,0.9999994804424647,0.9997477231934996,0.0,0.0,0.0,1.0
0.999999257026435,0.0010378701289055754,-0.0006393529334416193,-0.006811478272406878,-0.001036955715744047,0.9999984414945381,0.0014288916469652971,-0.011695691378248866,0.0006408349409642959,-0.0014282276046578696,0.9999987747474933,0.9999084030884676,0.0,0.0,0.0,1.0
0.999995056820195,-0.0023375389166912655,-0.0021029139278257577,-0.005628028571275754,0.002343264278181759,0.9999935437576262,0.0027242532163993805,-0.04125303927886255,0.0020965323029916785,-0.002729167433013123,0.9999940780811779,0.9991328800738455,0.0,0.0,0.0,1.0
0.9999998132884415,0.000609330257218679,4.625710566866703e-05,-0.003492788643184049,-0.0006092686905344011,0.9999989438369222,-0.0013195138131225602,-0.022864800687244252,-4.706107650478009e-05,0.0013194853837478829,0.9999991283714087,0.9997324648709908,0.0,0.0,0.0,1.0
0.9999982711068839,0.001750729222302452,-0.0006266820827048136,-0.00010619667366506942,-0.0017510543002360072,0.9999983324526842,-0.0005185563500315765,-0.03551872769032654,0.0006257731859274726,0.0005196528078583243,0.9999996691843845,0.9993690052755922,0.0,0.0,0.0,1.0
0.9999907330375633,0.004268694903600862,0.0005586437300370353,-0.02141280738250742,-0.004269216780185639,0.9999904484720687,0.0009363507435216859,-0.013314940023634734,-0.0005546413984889968,-0.0009387270375809387,0.9999994055820575,0.9996820514804529,0.0,0.0,0.0,1.0
0.999994215673925,0.0025929038082456632,-0.002201242497508235,0.017163654134074013,-0.0025946804357711195,0.9999963100948753,-0.0008046303934259365,-0.0071119680460229335,0.0021991480459209248,0.0008103372600240487,0.9999972535469271,0.9998273995481812,0.0,0.0,0.0,1.0
0.9999979650178242,0.0013757616292203395,-0.001475547406869282,0.004116905484872928,-0.0013746149840151364,0.9999987527054985,0.000777831018371828,-0.020041543181176805,0.0014766156764962892,-0.0007758011259244441,0.9999986088684109,0.999790671908948,0.0,0.0,0.0,1.0
0.9999999622122047,-1.2002641706170932e-05,0.0002746480034719603,-0.0027252959041638596,1.1683862543676325e-05,0.9999993263717545,0.001160654782663556,-0.021242218154207453,-0.00027466174938480924,-0.0011606515298554533,0.9999992887242218,0.999770644163012,0.0,0.0,0.0,1.0
0.9999933690536528,0.0022152418655068482,0.002890424225149087,-0.007633091186365397,-0.002218057602117004,0.9999970683759504,0.0009713186806778566,-0.019109934611395967,-0.0028882640457057497,-0.0009777233673417367,0.999995350983103,0.99978825074017,0.0,0.0,0.0,1.0
0.9999925799007233,-0.001052627296361002,0.0037056874221481594,-0.017256810602518165,0.0010625813251250997,0.9999958302866032,-0.0026852058270987883,-0.011805351876380432,-0.0037028454495437145,0.002689123496856495,0.9999895287203738,0.9997813941832002,0.0,0.0,0.0,1.0
0.9999849500491802,-0.0017723317445301951,0.005192159023527737,-0.025631880477752927,0.0017950303686000936,0.999988839027747,-0.004370318742880495,-0.022786671539022224,-0.0051843554193432215,0.004379573052924156,0.9999769706342043,0.9994117141115303,0.0,0.0,0.0,1.0
0.9999940768231017,0.001972235388369501,0.0028207456965332394,-0.0002673582692862795,-0.0019702383691310634,0.9999978066165236,-0.0007105792785169242,-0.019146786689519416,-0.002822140939155604,0.000705017528229282,0.9999957692264526,0.9998166477304837,0.0,0.0,0.0,1.0
0.9999910937607867,0.0014893325724868005,0.003948960318240628,-0.01398668971479573,-0.0015008545605450772,0.9999946210943711,0.002916370674750984,-0.014093472831666676,-0.00394459563131643,-0.002922271515959229,0.999987950174647,0.9998028538338771,0.0,0.0,0.0,1.0
0.999994999574483,6.221779892097093e-05,0.003161796162808472,-0.004945102404889316,-6.605258127258376e-05,0.9999992624256004,0.0012127593790269807,-0.01822054172220361,-0.0031617183755293637,-0.0012129621595119988,0.999994266113418,0.999821763026568,0.0,0.0,0.0,1.0
0.9999890353542472,0.0004905793189487685,0.004657091711857651,-0.031051409960250183,-0.00048288562150606423,0.9999985171724602,-0.001653019769488534,-0.03636316788556712,-0.004657895743506557,0.001650752802086701,0.9999877894366657,0.9988561107390826,0.0,0.0,0.0,1.0
0.9999914941340545,0.0004576913647976242,0.004099046005466886,-0.006203749248584215,-0.0004455298871487316,0.9999954982288664,-0.0029673262580533037,-0.022382207286373565,-0.004100385672104771,0.002965474770869718,0.9999871963163944,0.999730238760562,0.0,0.0,0.0,1.0
0.9999871719707525,0.0014042780397971939,0.004866610434763949,0.0010352920158457162,-0.0013826147056745822,0.9999891342862693,-0.0044519305894120745,-0.009961479323674149,-0.004872809303929541,0.004445144832762369,0.9999782479718763,0.999949847292416,0.0,0.0,0.0,1.0
0.9999822615121403,-0.0005761889367702085,0.0059282937996399665,-0.03494521574290887,0.0005793062977373215,0.9999996948402599,-0.0005241408209607293,-0.027798877479134995,-0.00592798998642103,0.0005275658214280894,0.9999822901476931,0.9990025296802715,0.0,0.0,0.0,1.0
0.999990777605725,0.0009237618293650232,0.004194206430426995,-0.017688555512848002,-0.0009320963229177459,0.9999975942426718,0.001985624665394665,-0.020335982554752687,-0.004192362095910767,-0.0019895157575724985,0.9999892329055884,0.9996367154208581,0.0,0.0,0.0,1.0
0.9999735726643053,0.002199055763391229,0.006929511291162857,-0.04185909458521027,-0.002202808807833843,0.9999974312261373,0.0005340173060053785,-0.03292503982665776,-0.006928319156980868,-0.0005492675818569159,0.999975848057733,0.9985808720143399,0.0,0.0,0.0,1.0
0.9999942894088858,-0.00110905350711266,0.003192358052858892,-0.0125717765679003,0.0011147609805219171,0.9999977826259113,-0.0017866312477683235,-0.020919425741334655,-0.0031903695045553647,0.0017901797612412083,0.9999933083770345,0.9997021196639424,0.0,0.0,0.0,1.0
0.9999917981155049,-0.0010508218071748347,0.003911454364820065,-0.03561972056641083,0.0010603783622242407,0.9999964562290428,-0.002441951491398038,-0.02626038370995677,-0.003908874447642485,0.002446079084367298,0.99998936864232,0.9990203340043569,0.0,0.0,0.0,1.0
0.9999984052582013,-0.000834599159611321,0.0015789000270326724,0.017374703769924497,0.0008345944144426006,0.9999996517193086,3.6642330899956665e-06,-0.029439322810491397,-0.0015789025352980803,-2.346486102911688e-06,0.9999987535298622,0.999415552181057,0.0,0.0,0.0,1.0
0.9999981740406627,0.0006257297119492401,0.0018056515910403748,0.04598060328197294,-0.0006291582084953712,0.9999979993274215,0.0018988157106502954,-0.013347068917113578,-0.0018044598331150644,-0.001899948284010201,0.9999965670547217,0.9988531623182396,0.0,0.0,0.0,1.0
0.9999874587338755,0.0010357831650792551,0.004899951857073613,-0.030839342180261776,-0.0010429769177633433,0.9999983818137168,0.001465799814299753,-0.016323829033064726,-0.004898425677267646,-0.0014708919679993042,0.9999869208658193,0.9993910483787554,0.0,0.0,0.0,1.0
0.9999906744826511,-0.0030653734836422414,0.0030421099812584437,-0.05564162630728444,0.003060014124984011,0.9999937608465583,0.0017648176991796466,-0.043028959937154866,-0.0030475008264460035,-0.0017554923418291596,0.999993815473551,0.9975231917246873,0.0,0.0,0.0,1.0
0.9999961318149958,-0.0022193532812176476,-0.0016765518361117893,0.08774934979757305,0.0022228202965811766,0.9999953893115672,0.0020689189291386925,-0.056701818363056024,0.0016719524440395872,-0.002072637599627128,0.9999964543679168,0.9945275035937549,0.0,0.0,0.0,1.0
0.999991859291799,-0.002929988247591958,0.0027742600815043946,0.004109351645864834,0.002938971765675828,0.9999904335214398,-0.0032396466726431605,-0.014580606384881114,-0.0027647414149276094,0.0032477737716751116,0.99999090404385,0.9998852529898117,0.0,0.0,0.0,1.0
0.999995695212647,-0.0016123745279206935,0.00245149027246927,-0.025950861458070004,0.0016206128372833614,0.9999930343639721,-0.003362266730498619,-0.023633590385203407,-0.0024460519630480765,0.003366225173261409,0.9999913426414635,0.9993838132544915,0.0,0.0,0.0,1.0
0.9999991873839746,-0.0004881806016032986,-0.0011776718940864073,0.08569004894200324,0.00048459872728749903,0.9999952622027952,-0.003039857897367545,-0.025003566349834888,0.001179150314172886,0.0030392847288292467,0.9999946861623185,0.9960080507616927,0.0,0.0,0.0,1.0
0.9999956134889731,0.0006239073958606246,0.002895469283706483,-0.02041323133868232,-0.0006196759865850551,0.9999987391948411,-0.0014620569070774093,0.001208547942855163,-0.0028963778212013763,0.0014602562409636575,0.9999947393097766,0.9997908978372345,0.0,0.0,0.0,1.0
0.9999998905008052,0.0003605380554643256,0.00029834658735232444,-0.029170441273613824,-0.00036075642657502677,0.9999996668631677,0.0007322078641703832,-0.020507677390875202,-0.0002980824991625844,-0.0007323154144428939,0.9999996874304299,0.9993640580508859,0.0,0.0,0.0,1.0
0.9999999052134553,-0.0004202363322594943,-0.00011390568820077857,-0.05552794937176058,0.0004204186697697136,0.9999986227963089,0.0016055072804628083,-0.006570753092779059,0.0001132308388384698,-0.0016055550163602715,0.9999987046850943,0.9984355122101582,0.0,0.0,0.0,1.0
0.9999945484051247,-0.00035073784411240915,-0.0032833128080998007,0.012806882047157173,0.0003553114320354704,0.999998967348229,0.0013925000041742214,-0.014966303316519177,0.0032828210151316164,-0.0013936590114040012,0.9999936403801487,0.9998059779463553,0.0,0.0,0.0,1.0
0.9999957198179039,0.0015271554774521723,-0.002495624575075253,0.02736769346690902,-0.0015244283105274954,0.9999982392934292,0.0010943163929042713,-0.01039730630650035,0.0024972913722861867,-0.0010905073082761556,0.9999962871579137,0.9995713608221627,0.0,0.0,0.0,1.0
0.9999971857185127,0.00014672890855089505,-0.0023679158941192716,0.008726716145002636,-0.0001485270624160744,0.9999997007588857,-0.0007592245062762422,0.0010392206807647644,0.002367803785358325,0.0007595740691965708,0.999996908271454,0.9999613814771553,0.0,0.0,0.0,1.0
0.9999931880149455,0.0011150081741905854,-0.003518619115106756,-0.00016452641696374512,-0.0011142515489438386,0.9999993556797031,0.00021698770579384186,-0.01105989913744488,0.003518858791054664,-0.0002130656008777123,0.999993786098623,0.9999388239098069,0.0,0.0,0.0,1.0
0.9999880416026484,0.001894180801452151,-0.004508739379390696,-0.003950846902644195,-0.001895668025823095,0.9999981502110012,-0.00032560299684293234,-0.013630633417259806,0.004508114288228676,0.00033414617623120195,0.9999897825737506,0.9998992932497733,0.0,0.0,0.0,1.0
0.9999990536192525,-0.0005548556706222868,-0.001258926441082192,-0.11294581539565876,0.0005568793611162746,0.9999985526040885,0.0016076924782886318,-0.040830317659836315,0.0012580325816289872,-0.0016083920269516425,0.9999979152123823,0.9927618686998442,0.0,0.0,0.0,1.0
0.9999928041779775,0.000691041486191045,-0.003730154678961083,-0.015495045946454653,-0.0006870354876447632,0.999999186044682,0.001075124277605177,-0.015125616508870992,0.0037308945982604466,-0.001072553792563373,0.9999924649985412,0.9997655321505857,0.0,0.0,0.0,1.0
0.9999963401572921,-0.0009825193662123467,-0.002520779188285069,-0.053668145390314566,0.000983970781370125,0.9999993508152032,0.0005746047977953708,-0.02308617916761655,0.0025202129914917992,-0.0005770830678997266,0.9999966577452198,0.9982919204830843,0.0,0.0,0.0,1.0
0.9999913084618705,-0.00024420226819357336,-0.004162134784999452,-0.029175418684834427,0.0002467829870924173,0.9999997776312761,0.0006195446354880264,-0.016184897666529804,0.004161982565265652,-0.0006205663947470713,0.9999911463600446,0.9994432670402501,0.0,0.0,0.0,1.0
0.9999854685488904,6.721617545140415e-05,-0.005390563332529574,-0.01224802107941963,-6.743991902790039e-05,0.9999999968720604,-4.13247694396289e-05,-0.005044421780541824,0.005390560537975452,4.168770808522879e-05,0.9999854699540497,0.9999122660456456,0.0,0.0,0.0,1.0
0.999986395133982,0.0010664401048650861,-0.005106099533511179,-0.008425171623683584,-0.0010685000706353754,0.9999993488647663,-0.0004007214025605922,-0.011243640995915094,0.005105668863375318,0.0004061718185118194,0.9999868834989345,0.9999012936386604,0.0,0.0,0.0,1.0
0.9999924098211167,0.0004239679408890489,-0.0038730545235739905,-0.041946022183568424,-0.0004242071514343963,0.9999999081672093,-6.094147905533198e-05,-0.03448285162419081,0.003873028330667251,6.258399392532199e-05,0.9999924978392557,0.9985246437453809,0.0,0.0,0.0,1.0
0.9999909917968377,0.0014286727254931638,-0.003996901227214797,0.0050388677171352425,-0.0014310369530871967,0.999998802771568,-0.0005887178181789594,-0.012572958241402539,0.003996055356921144,0.0005944322282432444,0.9999918390626548,0.9999082610585779,0.0,0.0,0.0,1.0
0.9999935255503876,0.0017889406500177568,-0.0031222665896535494,-0.007560825595614515,-0.001791330715113154,0.9999981045862539,-0.0007628618278918125,0.011814911206961974,0.003120895957132273,0.000768449900824161,0.9999948347332475,0.9999016160550419,0.0,0.0,0.0,1.0
0.9999964158981767,0.001880997439097593,-0.0019052662368941875,-0.04119863092008612,-0.0018799713123330024,0.9999980869323232,0.0005402217693939865,-0.034230317277562886,0.0019062787477556326,-0.0005366379873164157,0.9999980390585805,0.9985644486909134,0.0,0.0,0.0,1.0
0.9999956666765049,0.0028740584285587576,0.0006375079305558674,-0.022770991999968668,-0.0028736038640147653,0.9999956171437926,-0.0007128071535742685,-0.002489481461682824,-0.0006395537858579492,0.0007109721194977182,0.9999995427446958,0.9997376077778556,0.0,0.0,0.0,1.0
0.9999977160155699,0.0018753778581113514,-0.00102514464008576,-0.007928607391427013,-0.0018751427454670121,0.9999982154086734,0.0002302588813748105,-0.022458301175008032,0.0010255746330304983,-0.00022833606293281086,0.9999994480295048,0.9997163407152876,0.0,0.0,0.0,1.0
0.9999998464969504,-0.00010424531565755022,-0.0005441865391117712,-0.04803272770379873,0.00010478808412821522,0.99999949704544,0.0009974609387177064,-0.03395774137442868,0.0005440822847802632,-0.0009975178098692306,0.9999993544661349,0.9982683651554226,0.0,0.0,0.0,1.0
0.999997969456485,-0.0011565399109740237,-0.0016503024997867892,0.0013988678373617817,0.0011574612558053064,0.9999991747702368,0.0005574426307649073,-0.026898187695545816,0.0016496564332574935,-0.000559351660057255,0.9999984828785354,0.9996371995216408,0.0,0.0,0.0,1.0
0.9999923862883461,0.0038451905415034745,-0.0006647368205074684,-0.005351128427040245,-0.003844073115659448,0.99999121005932,0.0016741881544700002,-0.005526999641157763,0.0006711685499665278,-0.0016716201107434383,0.9999983776081752,0.9999704084119309,0.0,0.0,0.0,1.0
0.9999996872102592,0.0007109543014793353,-0.0003465881774493366,-0.01282772387383326,-0.0007097053743277468,0.9999933026769737,0.0035903926637550904,-0.01827624837552705,0.00034913846134465576,-0.0035901455652248768,0.9999934944574166,0.999750683043294,0.0,0.0,0.0,1.0
0.9999989419465014,-0.0005713329005258507,-0.0013377909382902044,0.009116734311215917,0.0005706104864394751,0.9999996912264292,-0.0005403246424051968,-0.02193108188924993,0.0013380992304608836,0.0005395607131747325,0.9999989591818016,0.9997179166158151,0.0,0.0,0.0,1.0
0.9999976593959937,-9.726828469202404e-05,-0.002161421156246672,0.022974572973460228,9.420095196566267e-05,0.9999989885206333,-0.0014191842342941175,-0.01491019188352002,0.0021615570116299,0.0014189773046152897,0.9999966570817597,0.9996248572212897,0.0,0.0,0.0,1.0
0.9999951449053026,-0.002989555073698381,-0.0008790485105730477,0.014308087988517569,0.0029901153014300253,0.9999953269076001,0.000636689441997124,-0.009595665984263608,0.0008771409845464359,-0.0006393148072117508,0.9999994109499616,0.9998515898934357,0.0,0.0,0.0,1.0
0.9999982117440702,-0.0018495287757268335,0.00039465423853185695,-0.01376796892824118,0.0018487446305919955,0.9999963345933518,0.001978116061705705,-0.016110663602794607,-0.0003983113745416305,-0.001977382909423668,0.9999979656503699,0.9997754195567465,0.0,0.0,0.0,1.0
0.999996758836359,-0.0025429659072827232,-0.00012506466743978555,-0.0036573807533323032,0.002543128438314184,0.9999958989214927,0.001317056544672214,-0.013513024376916108,0.00012171492464870806,-0.0013173703313888244,0.9999991248600607,0.9999020060677016,0.0,0.0,0.0,1.0
0.9999990754211503,-0.0013308690529049935,-0.0002791852586083693,-0.00015542127393060302,0.0013312011612199768,0.9999984026018535,0.0011927687156253197,-0.019107467233859535,0.0002775973936674511,-0.0011931392645570561,0.9999992496789099,0.9998174236029971,0.0,0.0,0.0,1.0
0.9999941856138529,-0.0034046078518990236,0.00019334906784419293,0.001235644844548235,0.003404949406090749,0.9999925929264464,-0.001794550580041205,-0.020764436732862126,-0.0001872378946980004,0.001795198489624908,0.9999983711008502,0.9997836322669946,0.0,0.0,0.0,1.0
0.9999974748109248,-0.0022457233076122658,-8.425318764225184e-05,0.006690224597634118,0.002245639096295988,0.9999969918316299,-0.0009866269508843374,-0.016926708885363195,8.646862533399219e-05,0.0009864352572125819,0.9999995097342098,0.9998343499906088,0.0,0.0,0.0,1.0
0.9999993370472032,-0.001150588372418256,-4.529404671844376e-05,-0.007054600311441413,0.0011505714404704969,0.9999992688667074,-0.00037209059472962346,-0.008363321514599611,4.5722136714255145e-05,0.00037203823401453506,0.9999999297485169,0.9999401419423511,0.0,0.0,0.0,1.0
0.9999965886532249,0.0005152355704146526,0.0025607058049999243,-0.013109418137979367,-0.0005140907420100675,0.9999997676316625,-0.0004477134467478799,0.0009370956865447878,-0.0025609358878660813,0.00044639548429469553,0.9999966211635165,0.9999136287738845,0.0,0.0,0.0,1.0
0.9999977791703958,0.0018228060487920689,0.0010578432697003724,0.004400948733718401,-0.0018248896744559838,0.9999963903305695,0.001972081009629956,-0.006517640732879454,-0.0010542447300427834,-0.0019740070772341373,0.9999974959289191,0.9999690755265987,0.0,0.0,0.0,1.0
0.9999928215731859,0.003313589847853124,0.001837640992909867,-0.020483852589587376,-0.003317263078848973,0.9999924989519596,0.0019994512947268638,-0.02700982859726026,-0.0018310018471650036,-0.0020055328804300734,0.9999963126282521,0.9994252753168865,0.0,0.0,0.0,1.0
0.9999980423913555,-0.0011318939743839196,-0.0016229693426529912,0.039574409971241814,0.001129113498384207,0.9999978951984337,-0.0017130970230630664,-0.004345147381385656,0.0016249049708224814,0.0017112611528972994,0.9999972156306748,0.9992071786019464,0.0,0.0,0.0,1.0
0.9999987617114584,0.0015125757587382993,0.000434384764947839,0.0011529498462226958,-0.0015118000096555363,0.9999972718393113,-0.0017806669158612586,-0.023052668048392934,-0.0004370769734877636,0.001780008007989945,0.9999983202661947,0.9997335871133384,0.0,0.0,0.0,1.0
0.9999983859555422,-0.0002898278914043881,0.001773157100719281,-0.025690574593198002,0.00029373226027379264,0.9999975323090413,-0.0022020665719217347,-0.025877604640341473,-0.001772514504804288,0.002202583851131437,0.9999960034003681,0.9993349508323771,0.0,0.0,0.0,1.0
0.9999989710410344,-0.00035584702151054986,0.0013897085195717076,-0.006728277352421579,0.0003626684602919029,0.9999878733559708,-0.0049113758348081245,-0.007479508927787662,-0.0013879439686088476,0.004911874784653001,0.9999869734639746,0.9999493923344661,0.0,0.0,0.0,1.0
0.9999994152058553,0.0003231148494491387,0.001032077875669243,-0.008918126562332285,-0.0003192252214884961,0.9999928550869285,-0.003766678955074725,-0.01325370537045791,-0.0010332875714660315,0.0037663472870544668,0.9999923734433717,0.9998723950147694,0.0,0.0,0.0,1.0
0.9999999713691982,-0.00023033818691467375,-6.485308565588714e-05,0.0007087925869213112,0.00023027798397107037,0.9999995440258497,-0.0009267794462697529,-0.016735334828643096,6.50665287818535e-05,0.0009267644854974826,0.9999995684368745,0.9998597032490318,0.0,0.0,0.0,1.0
0.99999984595633,-0.0004648437974766877,0.0003033274808779511,-0.016634500630119807,0.00046461386959690604,0.9999996050506488,0.0007576493243094708,-0.023790629843183805,-0.000303679549668031,-0.0007575082774437317,0.9999996669799148,0.999578560854749,0.0,0.0,0.0,1.0
0.9999984839157874,-0.0014568032741750852,-0.0009538817257777059,0.0031250617410318654,0.0014576732181358692,0.9999985217716304,0.0009119448138637208,-0.02129332434876635,0.0009525517915319782,-0.0009133338791234916,0.9999991292327758,0.9997683873414347,0.0,0.0,0.0,1.0
0.9999993220247902,-1.834052713254068e-05,-0.001164308200011697,0.002269328400159126,1.997538595495251e-05,0.999999013981389,0.0014041500038732314,-0.02288886120369031,0.0011642812991309402,-0.001404172309400025,0.9999983363732072,0.9997354400947336,0.0,0.0,0.0,1.0
0.9999995355459063,0.0002791889442466302,-0.0009224757475046128,0.012282973267357273,-0.0002787173019026683,0.9999998304097751,0.0005113678584270434,-0.018800428960780824,0.0009226183593142642,-0.0005111105109687417,0.9999994437705496,0.9997478044179963,0.0,0.0,0.0,1.0
0.9999991187708097,0.00012387774151844308,-0.0013217836091048347,0.0017560981968390496,-0.00012393628270804938,0.9999999913427375,-4.420772465180134e-05,-0.024255423666113173,0.0013217781213087083,4.437150264172823e-05,0.9999991254665014,0.9997042515373735,0.0,0.0,0.0,1.0
0.999998617990115,0.0015357048254116,0.0006368897461909943,0.01228014865754072,-0.0015352182211927979,0.9999985298420678,-0.0007638185100504805,0.009787120879134185,-0.0006380618096341033,0.0007628396897025047,0.9999995054762452,0.9998766975051704,0.0,0.0,0.0,1.0
0.9999992560098224,-0.00017132485860759446,-0.0012077365583309367,-0.001408181207102479,0.00017292044184624323,0.9999991123241728,0.001321154565923889,-0.018078653663253046,0.0012075091396325575,-0.001321362425337206,0.999998397960226,0.9998355761361025,0.0,0.0,0.0,1.0
0.9999977451910201,0.0017459056424181027,-0.001208894686821279,0.010221905301042902,-0.0017458350112917952,0.9999984742600166,5.947900470554962e-05,-0.0083232049970807,0.0012089966870922342,-5.736833992254359e-05,0.9999992675176739,0.9999131146807672,0.0,0.0,0.0,1.0
0.9999995612168612,0.000903604843188401,-0.0002471120643084551,-0.016990985901498168,-0.0009037403840476291,0.9999994409594556,-0.0005489390624872185,-0.02729938749943497,0.00024661590216729784,0.0005491621467738975,0.9999998188007505,0.99948289121938,0.0,0.0,0.0,1.0
0.9999995775261059,0.0008226209698647514,-0.00041017356027727055,-0.008744234044229356,-0.0008231584230804604,0.9999988007105344,-0.0013118642092444233,-0.017927683683102536,0.00040909390135229415,0.0013122012928371077,0.9999990553845273,0.9998010484735143,0.0,0.0,0.0,1.0
0.9999991566887533,0.0010815876142295502,-0.0007188810853761569,0.008299443747981592,-0.0010829817434663354,0.9999975283706013,-0.0019417526185163542,0.008166875994773167,0.000716779132986449,0.0019425295161057173,0.9999978564010792,0.9999322083871286,0.0,0.0,0.0,1.0
0.9999998257446313,0.00039284360055062966,-0.0004406638317289817,0.008968990093431908,-0.0003931597415707502,0.9999996652644088,-0.0007175628809468829,-0.017739599303369626,0.00044038179423734267,0.0007177360071858978,0.9999996454593868,0.9998024123961993,0.0,0.0,0.0,1.0
0.9999990965775718,0.0003528553759590138,-0.0012970493915217783,-0.0041718751665763745,-0.0003541004593814947,0.9999994766685462,-0.0009598309738900711,-0.016958206382830576,0.0012967100312158931,0.000960289392542623,0.9999986981928414,0.9998474957181579,0.0,0.0,0.0,1.0
0.9999993815404167,0.00044138412077196173,-0.0010208324260099974,0.009314875823955706,-0.00044084760900852906,0.9999997646315293,0.0005257283253400601,-0.020704975726719865,0.0010210642338729092,-0.0005252779686637683,0.9999993407552257,0.9997422353129531,0.0,0.0,0.0,1.0
0.9999994837559855,-0.0004794157510373089,-0.0008959064127442382,-0.010233686233243474,0.0004800825004157241,0.9999996078800686,0.0007441508596091675,-0.016219867240308668,0.0008955493037982477,-0.0007445805844364974,0.999999321795369,0.9998160768725347,0.0,0.0,0.0,1.0
0.9999991855012408,-0.0006445848916486129,-0.0011015930157267997,0.0055065403095715835,0.0006452909065181197,0.9999995865717751,0.0006406683419118084,-0.026778718156854595,0.0011011795951633924,-0.0006413786680439758,0.9999991880181219,0.9996262192778332,0.0,0.0,0.0,1.0
0.9999992974107392,0.000764784712706429,0.0009056944137052145,-0.04231545306018604,-0.0007652895442957735,0.9999995519399967,0.0005571819444077607,-0.019631731467505735,-0.0009052678836665162,-0.0005578746714028499,0.9999994346327953,0.9989114062577819,0.0,0.0,0.0,1.0
0.9999995021650451,0.00047593517962402505,-0.000877015031890126,0.003720850740993151,-0.0004757391005240506,0.9999998617995077,0.00022377058241125278,-0.016792747389673245,0.0008771214109785418,-0.00022335324066795337,0.9999995903855962,0.9998520685105722,0.0,0.0,0.0,1.0
0.9999998199966298,0.0005998490346232103,1.3705602833292974e-05,-0.0082732080857766,-0.0005998344040900351,0.9999992754920212,-0.0010436542150909396,-0.013147006883491909,-1.4331627876892211e-05,0.0010436458061375276,0.9999994552988697,0.9998793478405158,0.0,0.0,0.0,1.0
0.9999993708625148,0.0011026708115505985,-0.00020589233988413565,-0.014874353869204961,-0.0011028063114930855,0.9999991746621649,-0.000659161003327623,-0.0134409518169512,0.00020516533235491463,0.0006593876479966416,0.9999997615575295,0.9997990270105427,0.0,0.0,0.0,1.0
0.9999999468651523,7.074723137592059e-05,0.0003182208684802939,-0.015283624690189063,-7.07306322881426e-05,0.9999999961375724,-5.217311083409448e-05,-0.014606296308711663,-0.00031822455835434776,5.21506000986556e-05,0.9999999480067215,0.9997765084880079,0.0,0.0,0.0,1.0
0.9999999929476425,-9.915396046798739e-05,-6.536977241220366e-05,-0.004620881572200568,9.906626509981188e-05,0.9999990970661611,-0.001340168921328497,-0.015104150534654845,6.550259644386852e-05,0.0013401624359379392,0.9999990998366224,0.9998752482635632,0.0,0.0,0.0,1.0
0.9999962303810057,-0.0020452456285199507,-0.0018319918389131697,0.012698967909484885,0.00204382174112709,0.9999976081522891,-0.0007787697933815084,-0.027653459983205383,0.0018335802325832092,0.0007750225929661694,0.9999980186597927,0.9995369039535213,0.0,0.0,0.0,1.0
