0.999997034354025,0.0005193433833143977,0.0023794044644543967,-0.010106649523293177,-0.0005194434723042723,0.9999998642303061,4.1446932103500825e-05,-0.008269271777957604,-0.0023793826162134216,-4.268277530360305e-05,0.9999971683542641,0.9999147337546714,0.0,0.0,0.0,1.0
0.9999947927077354,0.0003981786561052696,0.003202500768338592,-0.0077087989990181046,-0.00039126837985415806,0.9999975947275054,-0.002158112197887213,0.0002531376030277505,-0.003203352379666251,0.0021568479226790976,0.9999925432424834,0.9999702547272827,0.0,0.0,0.0,1.0
0.9999873257900759,-0.0043744868408694985,0.0024924133065982804,-0.026514161559311595,0.0043775219434193605,0.9999896822030299,-0.0012135852336520592,-0.038529250493407365,-0.0024870787777488725,0.0012244804463598866,0.9999961575360128,0.998905649244824,0.0,0.0,0.0,1.0
0.9999948290490647,0.0008157817252360527,0.003110687272743086,-0.028533764686126065,-0.0008176533076383557,0.9999994854586477,0.0006004377640545824,0.0012797287764262407,-0.0031101958460107992,-0.0006029781229579481,0.999994981536999,0.9995920100556505,0.0,0.0,0.0,1.0
0.9999955348812954,-0.0006556459951728374,0.0029155352512243438,-0.009064227895781592,0.0006495751682261868,0.9999976202165647,0.002082693762257285,-0.009818741213016857,-0.0029168938227062454,-0.002080790603481134,0.9999935809998441,0.9999107120606546,0.0,0.0,0.0,1.0
0.9999972681899251,0.0007178909726099595,0.0022244651578403355,0.0007989138690189883,-0.0007179302379329486,0.9999997421460397,1.685312305202153e-05,-0.002348444116803573,-0.0022244524855482856,-1.8450087812532136e-05,0.9999975257323059,0.9999969232686969,0.0,0.0,0.0,1.0
0.999990884063263,0.003122125120519204,0.0029127521531002454,0.046122795227420285,-0.003117522880740911,0.9999938871888046,-0.0015832359623838207,0.01794855043298598,-0.0029176774087663337,0.0015741409582217397,0.9999945046042913,0.998774517745504,0.0,0.0,0.0,1.0
0.999988111595177,0.00189084947782599,0.00449459192399922,0.007481887286607042,-0.0018838270693927576,0.999996999206527,-0.0015661333004089424,0.003926109598186655,-0.0044975397589903845,0.0015576476476499585,0.999988672870809,0.9999643028758844,0.0,0.0,0.0,1.0
0.9999913219496742,0.0022143192145021315,0.003528854737669383,0.003323380095244068,-0.002219320835777598,0.999996537512018,0.0014140647095453405,0.005120654235368225,-0.0035257113283953608,-0.001421884099066364,0.9999927737765097,0.9999813668488751,0.0,0.0,0.0,1.0
0.9999911420993941,0.002467118955593281,0.0034101388251168716,-0.0045875650259209495,-0.00247890213835064,0.9999909574445158,0.0034554411282830553,-0.001928166139768013,-0.0034015830044398215,-0.0034638639207546437,0.9999882153704623,0.9999876181345798,0.0,0.0,0.0,1.0
0.9999913199826209,0.0016334474997396727,0.003832989522720406,-0.0007538687852129809,-0.0016423442935743614,0.9999959622031422,0.0023191124667111375,-0.004964905701010001,-0.00382918589742699,-0.002325387425244591,0.9999899649039912,0.999987390617119,0.0,0.0,0.0,1.0
0.9999898568610648,0.0009413803160457339,0.004404540621639649,0.010678749416176529,-0.0009341745023538348,0.999998222515342,-0.0016377680408318808,0.021269926345186926,-0.004406074555232141,0.0016336368191797838,0.9999889588079245,0.9997167371531682,0.0,0.0,0.0,1.0
0.9999887953872171,0.0014737472187505785,0.004498574124790315,0.024387386853918707,-0.0014649310007102232,0.9999970013851774,-0.0019624468954075776,0.020821980371731788,-0.004501452785953288,0.001955834806255583,0.9999879557439811,0.9994857180049329,0.0,0.0,0.0,1.0
0.9999890193289044,-0.0010279524198272545,0.004572147792778158,-0.02249736941633385,0.0010237498511543324,0.9999990514669808,0.0009214127096347988,-0.03331793900775633,-0.00457309062436953,-0.0009167218562825749,0.9999891231724369,0.9991915648711314,0.0,0.0,0.0,1.0
0.9999878846892434,0.0006236003216091527,0.004882785820833367,-0.021930418786815637,-0.0006281967796437397,0.9999993609944925,0.0009398826587697778,-0.02111348081443915,-0.004882196589578034,-0.0009429386221276384,0.9999876374351914,0.9995365314283081,0.0,0.0,0.0,1.0
0.9999916772550015,0.0005381760601522091,0.004044228882893103,-0.019741696584777035,-0.0005351184081306008,0.9999995702259638,-0.0007570972044916228,-0.002098989117372099,-0.004044634596379198,0.0007549267620427355,0.999991535472459,0.9998029104081664,0.0,0.0,0.0,1.0
0.9999874434237936,0.0017853542639175895,0.004682467821189064,-0.018662116850129033,-0.0017777177622228509,0.9999970840171081,-0.0016345264876430699,0.004932285423761638,-0.004685372376027189,0.0016261818573698947,0.9999877013335037,0.999813681620316,0.0,0.0,0.0,1.0
0.9999965709467075,0.0003869553803939837,0.002590050262241795,0.003566959015727054,-0.00038680325488674356,0.9999999234372108,-5.923523978513222e-05,0.003427019954725263,-0.002590072985335074,5.823319679258178e-05,0.9999966440597816,0.9999877660939708,0.0,0.0,0.0,1.0
0.9999957294860035,0.0017770195702196214,0.0023201748217006324,0.02478180601847432,-0.0017791428516069731,0.9999980001776816,0.0009133955062033041,0.008801181406357383,-0.00231854706007336,-0.0009175195279834993,0.9999968912438909,0.999654140838878,0.0,0.0,0.0,1.0
0.9999922994901017,-0.0004681670146854972,0.003896380390217529,0.002530680590855402,0.0004686245856122237,0.9999998834067192,-0.00011652272601169085,0.013914098024874753,-0.0038963253838289625,0.00011834776837305223,0.999992402292292,0.9998999917651271,0.0,0.0,0.0,1.0
0.999993051150491,0.0025604584095789457,0.0027095577986213856,0.03920224028390591,-0.0025597243663026056,0.9999966862683033,-0.0002743420878909067,0.019764985954583345,-0.002710251261379852,0.0002674044604100041,0.999996291509601,0.9990358000026517,0.0,0.0,0.0,1.0
0.999992467054639,-0.00011491134524124614,0.003879771817920836,-0.022325744222432827,0.00011474657823172955,0.9999999925053594,4.269079103921391e-05,-0.0071573830314186305,-0.0038797766944995496,-4.224527891138509e-05,0.9999924727457388,0.9997251287294202,0.0,0.0,0.0,1.0
0.999998413476688,-0.0002743386594349077,0.0017600518193922358,0.0013130126242101084,0.0002752322996567803,0.9999998333388248,-0.0005075130577050996,-0.005045018189426238,-0.0017599122956080328,0.0005079966756335683,0.9999983223226374,0.9999864118023389,0.0,0.0,0.0,1.0
0.9999954169571169,-0.0010932804350959077,0.002823260995778798,-0.004038020524782637,0.0010919457206169504,0.9999992913683646,0.00047425448147059204,-0.007529582345389212,-0.0028237774882726007,-0.00047116946017943234,0.999995902131622,0.9999634992238194,0.0,0.0,0.0,1.0
0.9999944122943043,-0.0008363876356915045,0.0032366395986170044,-0.014368049675496148,0.0008304512617459468,0.9999979715131708,0.0018350259523188927,-0.00955066634639187,-0.0032381678261539266,-0.0018323278272954543,0.9999930783979772,0.99985116088389,0.0,0.0,0.0,1.0
0.9999961668025684,-0.001536152447208456,0.002303609304697996,0.0019259808485522754,0.0015316848028915084,0.9999969453168617,0.00193992232063758,-0.0025316251582682635,-0.0023065822843217378,-0.0019363864811685182,0.9999954650324977,0.9999949407231165,0.0,0.0,0.0,1.0
0.9999941575954228,-0.0011697123904448453,0.0032119383469097693,-0.015211690128722309,0.0011688240229414568,0.9999992781588091,0.0002784461602560115,0.009339488598791818,-0.003212261730324085,-0.00027469034276081383,0.9999948029463912,0.9998406765260858,0.0,0.0,0.0,1.0
0.9999971337509669,0.0005429444042974437,0.0023318879099561915,0.04346923022280328,-0.0005397891136843503,0.9999989383025343,-0.001353521893905446,0.03299766899513951,-0.002332620321335105,0.0013522592866664629,0.999996365132023,0.9985096794046235,0.0,0.0,0.0,1.0
0.9999973213997666,-0.0013308426901226806,0.0018936871510873564,0.00015239307050538892,0.0013315089744450593,0.9999990520715627,-0.00035062776117116814,-0.0010866663297120483,-0.0018932187256145462,0.00035314828341602965,0.9999981455028538,0.9999993979661387,0.0,0.0,0.0,1.0
0.9999931881360085,0.001067630968094523,0.0035332486039381964,-0.004815565028268027,-0.0010683876639665465,0.9999994067415117,0.00021228382881646225,0.011461048752700107,-0.0035330198670188023,-0.000216057261990062,0.9999937355253177,0.9999227243617114,0.0,0.0,0.0,1.0
0.9999967050013353,-0.00015300210975605105,0.0025625332830573506,-0.007692683176043393,0.00015089857312347593,0.9999996515491685,0.000821054908254939,-0.005222104424202554,-0.002562658013273684,-0.0008206655202641156,0.999996379639452,0.9999567751912759,0.0,0.0,0.0,1.0
0.9999993783790057,-0.0007080872149574676,0.0008613095250649449,0.005051736655784451,0.0007076318794853638,0.9999996097900835,0.0005288447827916185,-0.008960986883325547,-0.0008616836572028176,-0.0005282349639725552,0.9999994892344184,0.9999470889356283,0.0,0.0,0.0,1.0
0.9999973848006752,-0.0007218858185134258,0.0021700858681114417,-0.005485341800778639,0.0007233556789827185,0.9999995094710493,-0.0006766197031519666,-0.0032573344901475902,-0.002169596361453267,0.0006781876775931559,0.9999974164532137,0.9999796501916166,0.0,0.0,0.0,1.0
0.999994521197049,-0.0019791314192490676,0.002653415668515978,-0.029358594874188727,0.0019786246446650826,0.9999980237796348,0.00019360098183443183,-0.00975431338637783,-0.0026537935865678514,-0.00018834980749853937,0.9999964609457125,0.9995213485850983,0.0,0.0,0.0,1.0
0.9999982648257424,-5.7807939133381756e-05,0.0018619891908532877,0.001338250566009143,5.7316477474129684e-05,0.9999999635102808,0.00026399670126417787,-0.001535813085062793,-0.0018620043840150602,-0.00026388952052238497,0.999998231649434,0.9999979251796428,0.0,0.0,0.0,1.0
0.9999930009773611,-0.0016040384308463294,0.0033800971885079717,-0.05215743326646016,0.0016043072652717608,0.9999987101472533,-7.682465945165785e-05,-0.0013589431634665227,-0.003379969598974124,8.224683623100004e-05,0.9999942845041503,0.9986379501243345,0.0,0.0,0.0,1.0
0.9999990850438208,-0.0012098538275745082,0.0006051158869535625,0.02972219863510776,0.0012097497531112487,0.999999253404119,0.0001723274194423332,-0.009006373619000873,-0.0006053239261644729,-0.00017159522297546456,0.9999998020689924,0.9995176217268659,0.0,0.0,0.0,1.0
0.999998938742943,-0.0010384502569519057,0.0010218287779887579,0.0032697088226790044,0.0010377597154523693,0.9999992329795068,0.0006760881388204604,-0.023532793545373312,-0.0010225300781266248,-0.0006750270085752602,0.9999992493851068,0.999717718474653,0.0,0.0,0.0,1.0
0.9999676713453862,-0.0027568180401882723,0.007553556670777534,-0.208681683037389,0.002760776933638784,0.9999960570868033,-0.0005137329750847103,-0.05178975238029692,-0.007552110619425706,0.0005345700518123719,0.9999713395193144,0.9766113744540714,0.0,0.0,0.0,1.0
0.9999979711150718,-0.0006184048152468856,0.00191711794735291,0.003373354822011872,0.0006192758995169672,0.9999997052762174,-0.0004538114571195316,-0.0026912816122199256,-0.0019168367431423598,0.00045499776132963297,0.9999980593550855,0.999990688696914,0.0,0.0,0.0,1.0
0.9999913689779282,0.0003427737088930467,0.004140588826825151,-0.016860686572352204,-0.0003442728619534069,0.9999998754492109,0.000361355447018135,0.004934483777302522,-0.004140464447964752,-0.00036277782051687395,0.9999913624359003,0.9998456721505378,0.0,0.0,0.0,1.0
0.9999924337605581,0.003015469249249594,0.0024575123280946186,0.005136793813709847,-0.003018504849632772,0.999994684819393,0.0012324615351391424,-0.00329870313667288,-0.0024537828161126547,-0.0012398702229204518,0.9999962208287196,0.9999813657798488,0.0,0.0,0.0,1.0
0.9999936848004977,-0.0007812038906099201,0.0034669986449219273,-0.04924188691721456,0.0007839313831170722,0.99999938428949,-0.0007854121383213727,-0.016411597621921355,-0.003466382943236243,0.0007881250673300189,0.9999936815041228,0.9986520395194356,0.0,0.0,0.0,1.0
0.9999952090876149,0.001304651491863466,0.0028070778937287193,0.012059125218720526,-0.0013049617490895902,0.9999991426294185,0.00010869803044468752,0.011526698721259904,-0.00280693367397512,-0.00011236063895997926,0.9999960542414338,0.9998608466759504,0.0,0.0,0.0,1.0
0.999996354718227,-0.0002967614632574657,0.002683744192611942,-0.03139374901502382,0.0002953572244972044,0.999999819293153,0.0005236198733275729,-0.006823491267958703,-0.0026838990978408153,-0.0005228253013496182,0.9999962616626806,0.9994838030151851,0.0,0.0,0.0,1.0
0.9999916239602248,0.0022950013361686112,0.00338894943294794,-0.029072920199452467,-0.002293602530782152,0.9999972829190477,-0.00041658366906172084,0.008070047084198192,-0.003389896284975203,0.0004088072767442271,0.9999941707229038,0.9995447161838911,0.0,0.0,0.0,1.0
0.9999938330346786,0.0012327942204462968,0.0032884815677503496,-0.013740189717532993,-0.001231495273039901,0.9999991629069164,-0.0003969947849006382,-0.0003009338442406135,-0.00328896822786154,0.0003929425871413881,0.9999945141270123,0.9999055538526365,0.0,0.0,0.0,1.0
0.9999971287723457,0.0015350292050735877,0.0018401446694038173,0.013016571163681106,-0.0015343050258066714,0.9999987449834727,-0.000394891842340771,0.0024014630081079626,-0.0018407485305026745,0.00039206736530191357,0.999998228962446,0.9999123970881456,0.0,0.0,0.0,1.0
0.9999972909677666,0.0013523268622725937,0.0018945366677524354,0.012253559786772924,-0.0013486053490427757,0.9999971615048973,-0.001964241777601344,0.0007928836511732324,-0.0018971875870392244,0.0019616814741229643,0.9999962762355936,0.9999246079620542,0.0,0.0,0.0,1.0
0.9999974753993761,0.0009547709150489692,0.0020341109542199864,-0.07110946231831705,-0.000951713683039883,0.999998416983286,-0.0015034200969241806,-0.015080321603015699,-0.0020355431559700016,0.001501480410160896,0.9999968010552024,0.9973545148387054,0.0,0.0,0.0,1.0
0.9999951552177478,-0.00031491431241125384,0.0030968322536331083,-0.014764863722639942,0.0003171185669674108,0.9999996967355398,-0.0007113119173331149,0.016932228846656478,-0.0030966073121706152,0.0007122905341881772,0.9999949518199326,0.9997476173642709,0.0,0.0,0.0,1.0
0.9999946480159203,0.003195855663475453,0.0007003185658970741,0.017593252115415244,-0.0031955897353917132,0.9999948216938864,-0.0003805149872253581,0.007116451639629416,-0.0007015310104101259,0.00037827501989452,0.999999682381075,0.9998199005801316,0.0,0.0,0.0,1.0
0.99999984103115,-0.0002497234968546067,0.0005055451014090149,-0.0021575737470567466,0.0002496234824155615,0.9999999492641714,0.00019788828106191166,-0.00010138968831534893,-0.0005055944931132974,-0.0001977620536751078,0.9999998526321785,0.9999976672951079,0.0,0.0,0.0,1.0
0.9999966564177041,0.0009506712695490484,0.0024048653910826168,-0.06151437384092107,-0.0009576898786488632,0.9999952810128202,0.0029190378872794055,-0.018555040119476847,-0.002402078997099495,-0.002921331242480573,0.9999928478945553,0.9979337113742195,0.0,0.0,0.0,1.0
0.9999992520697736,0.0008760967906767969,0.0008534133271422273,0.02071907773305498,-0.0008770149933131663,0.9999990363848852,0.0010761384677943873,0.010894316970403219,-0.0008524697033222978,-0.0010768861192012886,0.9999990568054006,0.9997259792941462,0.0,0.0,0.0,1.0
0.9999995878805302,0.000787046932620551,0.0004525438053918276,0.0029300585640533693,-0.0007864311662461402,0.999998766982363,-0.001359249709808018,-0.0003766996791152359,-0.0004536130407121067,0.0013588932550820981,0.9999989738216388,0.9999956364175612,0.0,0.0,0.0,1.0
0.9999999975824639,6.693452277764541e-05,-1.8837234368872247e-05,-0.02845322222134071,-6.696136957754856e-05,0.9999989769870311,-0.0014288250649470919,0.00602859196622559,1.8741577374276064e-05,0.0014288263228598675,0.999998979051525,0.9995769456245616,0.0,0.0,0.0,1.0
0.9999982049986107,-0.0016823322745399588,-0.0008716407944631549,0.021883448282107733,0.0016831957888305063,0.9999980924905273,0.0009908921450848557,-0.009324268775725736,0.0008699721219638419,-0.0009923575085467005,0.9999991291871622,0.9997170463201489,0.0,0.0,0.0,1.0
0.9999995863840878,0.0005667670231300377,0.0007113415457963707,-0.026483239405916043,-0.0005670948282153807,0.9999997330750692,0.00046070950322446395,0.005314702161450609,-0.0007110802409679498,-0.00046111271077937856,0.9999996408699149,0.9996351294204822,0.0,0.0,0.0,1.0
0.9999995451763268,-8.319662504815487e-05,0.0009501186564738456,0.012189857745584221,8.314718984545627e-05,0.9999999951876328,5.206993837231742e-05,0.015049172897159523,-0.0009501229839446717,-5.1990914993360615e-05,0.9999995472815276,0.9998124472936182,0.0,0.0,0.0,1.0
0.9999998275631635,0.000586342691497723,3.280077881563301e-05,0.010516539959584233,-0.0005863499525439071,0.9999998034996203,0.00022179822838305774,0.004711716188264962,-3.2670722600066857e-05,-0.00022181742287197964,0.999999974864827,0.9999335988543637,0.0,0.0,0.0,1.0
0.9999999010761215,0.00040954211399667857,0.0001735597990169535,-0.007043500506005049,-0.0004094988018080773,0.9999998850267228,-0.00024951407380859806,0.0017083907423129081,-0.00017366196558345117,0.00024944297659594463,0.9999999538098606,0.9999737349059192,0.0,0.0,0.0,1.0
0.9999992880342133,-0.0011774022481684063,-0.0001940489975149071,-0.006152685182265669,0.0011773358552560637,0.9999992484903724,-0.0003419049187800161,-0.011681023420401249,0.0001944514113052572,0.0003416762145129447,0.9999999227230035,0.9999128452804774,0.0,0.0,0.0,1.0
0.9999993584692539,-0.0011007090832074328,-0.0002673959512751265,0.002163356218476864,0.001100654584859881,0.9999993734974162,-0.0002038731474133127,-0.0031788251671702123,0.00026762018877605435,0.00020357870604268118,0.9999999434675709,0.9999926074528894,0.0,0.0,0.0,1.0
0.9999980814907297,0.0008430220644543676,-0.0017681427145188073,0.014013775688592202,-0.0008427957922073358,0.9999996365640548,0.0001287128982636835,-0.004412829911475428,0.0017682505797254056,-0.00012722246808699253,0.9999984285509309,0.9998920646865452,0.0,0.0,0.0,1.0
0.9999999764837961,6.0566890882960247e-05,0.00020824038645777046,-0.016914949884933868,-6.047324406309028e-05,0.9999998970644209,-0.0004496822589271088,-0.0063224938670994645,-0.00020826760087873722,0.0004496696553805777,0.9999998772108961,0.9998369419768858,0.0,0.0,0.0,1.0
0.9999995684336891,-0.00037053426080224276,-0.0008519605608202458,-0.006580292017861484,0.0003696277518232787,0.9999993657051094,-0.0010639382990884948,-0.006198212252798919,0.0008523542460172062,0.0010636229316618295,0.9999990710988178,0.9999591401261498,0.0,0.0,0.0,1.0
0.9999990057840431,0.0007240824802191467,0.0012100146639578112,-0.019755478927709392,-0.0007215499512562514,0.9999975512359439,-0.0020921012841894453,0.006884029909204955,-0.0012115265548041272,0.002091226118167174,0.9999970794841001,0.9997811416427828,0.0,0.0,0.0,1.0
0.9999990084031172,0.0013592179137179733,0.00036840120172924873,-0.0056989339977516545,-0.0013589310420382866,0.9999987741438062,-0.0007778285854934605,-0.011966009294165598,-0.0003694579886695552,0.0007773271823721117,0.9999996296315546,0.9999121645288956,0.0,0.0,0.0,1.0
0.9999962670874334,0.001662565864411165,0.00216833713816042,-0.06604187956464265,-0.0016631532253671122,0.9999985807506959,0.00026910582102595074,-0.010350915388619328,-0.002167886654597509,-0.0002727110933824616,0.9999976129452073,0.9977631626263755,0.0,0.0,0.0,1.0
0.9999991234007714,0.0011265639281265308,0.0006957380291149964,-0.017268638022800896,-0.001126998957819027,0.9999991694970435,0.0006252028246204779,0.013099440265926434,-0.0006950331203525277,-0.000625986372601875,0.999999562534916,0.9997650718071507,0.0,0.0,0.0,1.0
0.9999996764476502,0.0006463806222414745,-0.0004788493358170269,-0.0011672268574005322,-0.0006455383648612193,0.9999982481302635,0.0017569907863108827,-0.013720082610507185,0.0004799841817330981,-0.001756681102215137,0.9999983418419706,0.9999051939632199,0.0,0.0,0.0,1.0
0.9999992410725012,0.0012218514599819411,0.0001579032344915035,-0.01054339883878689,-0.0012221372798792483,0.9999975917852663,0.0018228560384849811,-0.002406060669830632,-0.00015567559491464454,-0.00182304763449889,0.9999983261298149,0.9999415220966571,0.0,0.0,0.0,1.0
0.9999991608884095,0.001294853166956909,3.9720912608743816e-05,-0.007880651590285264,-0.0012948520061784507,0.9999991612514426,-2.923517478160831e-05,0.006855875027831284,-3.9758734551559316e-05,2.91837175466457e-05,0.9999999987837768,0.9999454446659154,0.0,0.0,0.0,1.0
0.9999996759076389,0.0007486273328172038,-0.0002962123118065412,0.003807301742066658,-0.0007487084417405895,0.9999996822334266,-0.0002738041541879135,0.0006539287439033669,0.0002960072404065055,0.00027402584210847595,0.9999999186447723,0.9999925383874835,0.0,0.0,0.0,1.0
0.9999996109341442,0.0007715254191784969,-0.00042764481456015937,0.007099917846541358,-0.0007717060543959626,0.9999996130275209,-0.00042239149383550313,0.012456302783678166,0.0004273187632991447,0.0004227213455898077,0.9999998193526529,0.9998972105609324,0.0,0.0,0.0,1.0
0.9999999608187841,0.00026504494945132624,9.007554423542952e-05,0.0021920773495770294,-0.00026519020747282,0.9999986583699467,0.001616456761572719,0.005210397174323992,-8.964698968670247e-05,-0.0016164805853902467,0.9999986894761085,0.9999840231514598,0.0,0.0,0.0,1.0
0.9999998929060453,-0.0004459063078199112,0.00012391715947115663,-0.0018828006590270831,0.0004456665354294365,0.9999980415590959,0.0019282788469832815,-0.005397491817872761,-0.00012477674848782733,-0.001928223414745133,0.9999981331908705,0.9999836609383947,0.0,0.0,0.0,1.0
0.999999752828971,-0.00034469159182125986,-0.0006128047833037888,0.004280106463716688,0.0003452820741027046,0.9999994760035085,0.0009637286954297022,0.0034447213982672273,0.0006124722730181231,-0.0009639400477304914,0.999999347848437,0.9999849071776773,0.0,0.0,0.0,1.0
0.9999998733970233,0.0005001151414736073,-5.5594807572438565e-05,-0.010795450916322969,-0.0005001303655952666,0.9999998373515867,-0.0002741649451963044,0.0031295589047706136,5.545768448967682e-05,0.0002741927151376517,0.9999999608713992,0.9999368300550664,0.0,0.0,0.0,1.0
0.9999989746842726,-0.0013951811669406643,0.0003226451848840524,-0.015774621592204364,0.001395449017426159,0.9999986807132916,-0.0008314407474405948,0.01540310915672759,-0.0003214847487502878,0.0008318901298575432,0.999999602303105,0.9997569232278057,0.0,0.0,0.0,1.0
0.9999970989484313,-0.0017393173864876828,-0.0016663942361647872,0.02069149257945614,0.0017389194589658447,0.9999984592268292,-0.00024021465908703223,-0.004594832668408033,0.0016668094781622997,0.00023731623684833478,0.9999985827125791,0.9997753495898885,0.0,0.0,0.0,1.0
0.9999991453029614,-0.0007211396506308232,-0.0010905736791841543,0.01684969996245479,0.0007202724688121823,0.9999994243168129,-0.0007953449658308215,-0.022752873461884156,0.0010911466061500306,0.0007945587758555334,0.9999990890373027,0.9995991168265419,0.0,0.0,0.0,1.0
0.9999996883053702,6.84453702982973e-05,0.0007865776461321757,-0.025350812269556672,-6.744754728476066e-05,0.9999991931546642,-0.0012685191559338033,0.008036422900644583,-0.0007866638357490324,0.0012684657078102166,0.9999988860767586,0.9996463135650708,0.0,0.0,0.0,1.0
0.9999990064353876,-0.0013945968203495844,-0.00020549439424605992,-0.0374781814951487,0.0013943945027883632,0.9999985462418196,-0.0009814164344270643,0.014228677346181162,0.0002068627757457822,0.0009811289190727376,0.9999994972967917,0.9991961422327426,0.0,0.0,0.0,1.0
0.9999995556426157,-0.0008169243979918769,0.00047047752256815234,-0.03329782919069948,0.0008169713129737157,0.9999996613253463,-9.953424785371029e-05,0.0012473887662406398,-0.0004703960512738234,9.991857026426252e-05,0.9999998843719103,0.9994446951144684,0.0,0.0,0.0,1.0
0.9999995744577076,-0.0005602887874524457,-0.0007329125980564191,-0.03708500853181194,0.0005612407956008002,0.9999989983122118,0.0012993780606421965,-0.02423292302471158,0.000732183836948716,-0.0012997888481514307,0.9999988872272704,0.9990182518772486,0.0,0.0,0.0,1.0
0.9999999994751576,2.2004423977435545e-05,-2.3780034104805073e-05,0.01113543677836635,-2.199751731242285e-05,0.999999957591711,0.0002904009042330631,0.015257144863221985,2.3786423200979068e-05,-0.00029040038097891477,0.9999999575509114,0.9998215948749944,0.0,0.0,0.0,1.0
0.9999995675596897,-0.0006782859113740688,-0.000636245751748022,0.0027027935881350574,0.0006779396522034715,0.9999996220783439,-0.0005442802554853198,-0.003721016273512362,0.000636614688926106,0.0005438486838929405,0.999999649475112,0.9999894244164346,0.0,0.0,0.0,1.0
0.9999995337084221,0.0005366228632018846,0.0008028815861433197,-0.026479354215682403,-0.0005360810677367675,0.9999996285791557,-0.0006748767586117425,0.012635966916456872,-0.0008032434422348723,0.0006744460343044295,0.9999994499611083,0.9995694954030994,0.0,0.0,0.0,1.0
0.999997598718789,0.00014954275958447926,-0.0021863653901149083,0.015115489112144085,-0.00014980518880731866,0.9999999815951981,-0.000119866629750413,-0.003994708760972677,0.0021863474246887147,0.00012019387079701543,0.9999976027163124,0.9998777746758929,0.0,0.0,0.0,1.0
0.9999964143447451,-0.0018603737194738748,0.0019262157919047243,-0.03626675071286051,0.001859006895194823,0.9999980191861895,0.0007111378634511098,0.00208409451480453,-0.0019275349586219473,-0.0007075544651170991,0.9999978919856091,0.9993399718528146,0.0,0.0,0.0,1.0
0.9999997062375142,-0.0006708334846289814,0.0003708197960913505,-0.020081216662259514,0.0006701448144439848,0.999998056476249,0.0018541708800667717,-0.02694958328926326,-0.00037206291530684013,-0.0018539218324174836,0.9999982122699153,0.9994350727775659,0.0,0.0,0.0,1.0
0.9999980580726081,-0.0005063901765734288,0.0019045786941152432,-0.013770982596878662,0.0005047621949637986,0.9999995069614358,0.0008551561330023844,-0.0060773286790850945,-0.0019050107977496757,-0.0008541931130291456,0.9999978206416185,0.9998867066395288,0.0,0.0,0.0,1.0
0.9999970118709205,-0.002352362531938797,-0.0006653117686907864,0.010109084352742171,0.002352627445083498,0.999997153494493,0.00039767702377193834,-0.030291278472923514,0.0006643743943466011,-0.00039924106618823355,0.9999996996065725,0.9994899923771248,0.0,0.0,0.0,1.0
0.999999369425088,-0.0001267656997497608,0.0011158314770972886,-0.0029103742695743185,0.00012624121988221918,0.999999881537902,0.00047009289996059874,-0.002957094950459342,-0.001115890936568956,-0.0004699517396049638,0.9999992669661214,0.999991392618489,0.0,0.0,0.0,1.0
0.999998958789057,-0.0014203268870791469,0.0002551319953564297,0.01042806535479537,0.0014202923470472684,0.9999989822026593,0.0001355112363280904,0.003700932787230376,-0.00025532420593622936,-0.0001351487332118353,0.9999999582721841,0.999938777400627,0.0,0.0,0.0,1.0
0.9999996678198891,-0.000623408495826024,0.0005250923333376557,-0.006677089815384154,0.0006230922557600246,0.9999996245527949,0.000602204541496466,-0.009733561863356197,-0.0005254675556206016,-0.0006018771604896379,0.999999680813815,0.9999303346958975,0.0,0.0,0.0,1.0
0.9999953776645453,-0.0019447711369425082,0.0023372023379276963,-0.09474959969886723,0.0019436048277950914,0.9999979856038662,0.0005011870741664301,-0.022246679095891276,-0.00233817232403237,-0.0004966421597641206,0.9999971431442932,0.9952525300777229,0.0,0.0,0.0,1.0
0.9999994154326095,-0.000841879166043836,0.0006785085916898859,-0.0440848495800317,0.0008411704295881368,0.9999991010809063,0.0010441597998692292,-0.027338741251434553,-0.0006793870381471001,-0.0010435884481239041,0.9999992246779011,0.9986536533074384,0.0,0.0,0.0,1.0
0.9999998578299577,8.590000948581922e-05,-0.0005262710831146593,-0.01785505785644637,-8.607455691986982e-05,0.9999999412981879,-0.0003316546262261341,-0.020227571318625077,0.0005262425630860428,0.0003316998776250815,0.9999998065219592,0.9996359548693179,0.0,0.0,0.0,1.0
0.9999997615278234,-0.0006712501935060011,-0.00016238064579252465,0.006751224399874171,0.0006711603505630266,0.999999622028074,-0.0005527092301417472,-0.002231431455870812,0.00016275159059488294,0.0005526001148848235,0.9999998340725028,0.9999747205218542,0.0,0.0,0.0,1.0
0.9999913354876875,-0.004142398858846635,-0.0004116809977489956,0.021809521490106485,0.004142675192327029,0.9999911928455806,0.0006726615231272392,-0.012345946494419077,0.000408890939685113,-0.000674361155499693,0.9999996890225673,0.9996859118630859,0.0,0.0,0.0,1.0
0.9999868155325567,-0.005134557937260991,-7.124496483525231e-05,0.006193749300179099,0.005134639808865189,0.9999860964851783,0.00120096226797759,0.0012067974785735284,6.50775639344306e-05,-0.001201312251162296,0.9999992763066311,0.9999800903565291,0.0,0.0,0.0,1.0
0.9999997647668304,-0.0006840069134636176,-5.0998295196311855e-05,0.008712690977374298,0.0006839830831714265,0.9999996575807454,-0.00046583852781052586,0.007395486052267133,5.1316914507092484e-05,0.00046580353625866495,0.9999998901968138,0.9999346957686703,0.0,0.0,0.0,1.0
0.9999888924592862,0.004634548688167831,0.0008578557607972215,-0.0843889127985467,-0.004633759438156437,0.9999888411146822,-0.000919738867240406,-0.010693394233346306,-0.0008621087626438789,0.0009157535539753674,0.999999209081642,0.9963755129048734,0.0,0.0,0.0,1.0
0.9999894723412965,0.004556451695650908,0.000542175728352863,-0.039166393124983184,-0.0045556155873224995,0.999988447298415,-0.0015335045893800896,-0.008017637905315676,-0.000549156804345044,0.0015310185009679836,0.9999986772037021,0.9992005359946513,0.0,0.0,0.0,1.0
