timestamp,type,acc_x,acc_y,acc_z,gyro_x,gyro_y,gyro_z,gps_x,gps_y,gps_z,vo_dt,vo_0,vo_1,vo_2,vo_3,vo_4,vo_5,vo_6,vo_7,vo_8,vo_9,vo_10,vo_11,lat_vel,upward_vel
1317375625.663884,OXTS_IMU,0.3552244887956438,0.1550383961574124,9.749412102523022,-0.00477067859641609,0.003257390877425735,0.06016216067429425,nan,nan,nan,nan,nan,nan,nan,nan,nan,nan,nan,nan,nan,nan,nan,nan,nan,nan
1317375625.663884,KITTI_VO,nan,nan,nan,nan,nan,nan,nan,nan,nan,0.10005593299865723,0.9999800142491778,-0.006319038183036947,-0.00020205885324173483,0.9736961720771595,0.006319211761490634,0.999979661780416,0.0008623329186734093,0.1923431327833801,0.0001966056498294854,-0.0008635924021441279,0.9999996077776392,-0.04729509223127612,nan,nan
1317375625.773821,OXTS_IMU,0.4045609300723654,0.7268652428647365,9.942157521934572,-0.004901027372042684,-0.001193863474757592,0.06646092790300567,nan,nan,nan,nan,nan,nan,nan,nan,nan,nan,nan,nan,nan,nan,nan,nan,nan,nan
1317375625.773821,KITTI_VO,nan,nan,nan,nan,nan,nan,nan,nan,nan,0.10993719100952148,0.9999742381859648,-0.007175006035250174,-0.0002054662346002254,0.992631663357681,0.007175098690910159,0.9999741596189187,0.00044507126266681593,0.041454304128065056,0.00020226755829348204,-0.0004465339551528771,0.999999879848226,-0.02871322592620182,nan,nan
1317375625.873814,OXTS_IMU,0.2638629957076523,-0.008677592455233963,9.918352533724013,-0.0028966249610956874,-0.00546171835931733,0.07246908116072615,nan,nan,nan,nan,nan,nan,nan,nan,nan,nan,nan,nan,nan,nan,nan,nan,nan,nan
1317375625.873814,KITTI_VO,nan,nan,nan,nan,nan,nan,nan,nan,nan,0.09999299049377441,0.9999805570432287,-0.004783383243382265,-0.004000591538406733,0.8596213852110346,0.004790520517641171,0.9999869481481537,0.001776082150584639,0.40070158896236696,0.003992044092799914,-0.0017952122745401883,0.9999904203656957,-0.30714940112934974,nan,nan
1317375625.973948,OXTS_IMU,-0.13112156594375704,0.07313816757991463,9.832862310344593,-0.005028608947440602,-0.011652480369206226,0.08673068765926256,nan,nan,nan,nan,nan,nan,nan,nan,nan,nan,nan,nan,nan,nan,nan,nan,nan,nan
1317375625.973948,KITTI_VO,nan,nan,nan,nan,nan,nan,nan,nan,nan,0.10013389587402344,0.9999141367736291,-0.013085142085822994,-0.0007057260305531508,0.9607824586307516,0.01308535194624669,0.9999143414010119,0.0002889778594531793,-0.24572848058033125,0.0007018843416609629,-0.00029818763848773946,0.9999997092234251,0.06008298467155837,nan,nan
1317375626.083809,OXTS_IMU,1.045810666839914,0.468259873479625,9.39257726108481,-0.0020029754608709227,-0.015032531923099201,0.10836403695101747,nan,nan,nan,nan,nan,nan,nan,nan,nan,nan,nan,nan,nan,nan,nan,nan,nan,nan
1317375626.083809,KITTI_VO,nan,nan,nan,nan,nan,nan,nan,nan,nan,0.10986089706420898,0.999934000584304,-0.0113627525203732,-0.0016977197252462397,0.9830885126554405,0.01136243663846112,0.9999354260138582,-0.0001972395443452908,0.11167928629819979,0.0016998514741080766,0.00017793630865790543,0.9999985394262754,-0.029078979137003275,nan,nan
1317375626.183795,OXTS_IMU,0.5043608497388815,-0.2681539480961812,9.43735678265131,0.0014282585666701678,-0.009175438408544293,0.12759130447844777,nan,nan,nan,nan,nan,nan,nan,nan,nan,nan,nan,nan,nan,nan,nan,nan,nan,nan
1317375626.183795,KITTI_VO,nan,nan,nan,nan,nan,nan,nan,nan,nan,0.09998607635498047,0.999912387532706,-0.013199632174589557,-0.0009934175968003326,0.9744150117677917,0.013200284014660897,0.9999126617609131,0.0006491814349493587,0.15574744453118972,0.0009847619878724423,-0.0006622378219753695,0.9999992958452898,0.029353653947741032,nan,nan
1317375626.293903,OXTS_IMU,1.175297656839891,0.9410930697620438,9.912171567097948,0.0010183102582680416,0.00020368932611225686,0.1549226980833553,nan,nan,nan,nan,nan,nan,nan,nan,nan,nan,nan,nan,nan,nan,nan,nan,nan,nan
1317375626.293903,KITTI_VO,nan,nan,nan,nan,nan,nan,nan,nan,nan,0.1101081371307373,0.9998705074884691,-0.01609246734636988,2.5208617142369804e-05,0.9777882648523781,0.016092462134326375,0.9998704536434939,0.00032970810359786613,0.11238538408825915,-3.0511172776029e-05,-0.00032925964581875783,0.9999999453284549,-0.03782069791730511,nan,nan
1317375626.393852,OXTS_IMU,1.1032674373641091,0.316009239391722,9.802180185930583,0.01346898942799956,0.0006596506610760894,0.1770934421476804,nan,nan,nan,nan,nan,nan,nan,nan,nan,nan,nan,nan,nan,nan,nan,nan,nan,nan
1317375626.393852,KITTI_VO,nan,nan,nan,nan,nan,nan,nan,nan,nan,0.09994888305664062,0.9998241275334474,-0.018752726617845432,-0.00022158445653194087,0.982593140724165,0.018752446814812196,0.9998234099477858,-0.001222621800172374,0.046943351353716745,0.0002444728485752096,0.0012182514216422884,0.9999992280486912,-0.016282172427672353,nan,nan
1317375626.493846,OXTS_IMU,1.3863862945532472,0.3641540841526701,9.983300369122215,0.012059051066051643,0.00013852654589855762,0.1909852923661495,nan,nan,nan,nan,nan,nan,nan,nan,nan,nan,nan,nan,nan,nan,nan,nan,nan,nan
1317375626.493846,KITTI_VO,nan,nan,nan,nan,nan,nan,nan,nan,nan,0.09999394416809082,0.999812985432158,-0.019319753465732652,-0.000860888702360528,0.9836978958571483,0.019318048227201637,0.9998114832159744,-0.0019522281129295542,0.009201335469843808,0.0008984430810388017,0.0019352321337133265,0.9999977238384499,-0.03382469940159588,nan,nan
1317375626.603834,OXTS_IMU,0.9543961894543413,1.0732834698688567,9.636391336932038,0.001664944289444382,-0.0007001853910277449,0.21342910075477278,nan,nan,nan,nan,nan,nan,nan,nan,nan,nan,nan,nan,nan,nan,nan,nan,nan,nan
1317375626.603834,KITTI_VO,nan,nan,nan,nan,nan,nan,nan,nan,nan,0.10998797416687012,0.9997548896470072,-0.02213872129589402,-0.0001935330618943855,0.9609199122310077,0.02213874372125658,0.9997549043764362,8.597525876450836e-05,0.18055850452344668,0.00019158226675333807,-9.02386822045953e-05,0.9999999775772073,-0.005943743823077885,nan,nan
1317375626.703813,OXTS_IMU,0.43361099872289527,1.5909000004429938,10.033796532603526,-0.030078979222174757,-0.009286410170774813,0.23276396599351473,nan,nan,nan,nan,nan,nan,nan,nan,nan,nan,nan,nan,nan,nan,nan,nan,nan,nan
1317375626.703813,KITTI_VO,nan,nan,nan,nan,nan,nan,nan,nan,nan,0.09997916221618652,0.999745606799324,-0.022428903214737565,-0.0023802891216381677,0.9343154213930305,0.02243653224379728,0.9997430649002872,0.0032258953871604577,0.2769351114038462,0.002307324503351235,-0.003278479665503089,0.999991963886739,-0.05283583389940774,nan,nan
1317375626.803794,OXTS_IMU,0.5646465954713992,0.5554480267591713,9.688504905667115,-0.04067934276021313,-0.013439499878177818,0.24687872290515084,nan,nan,nan,nan,nan,nan,nan,nan,nan,nan,nan,nan,nan,nan,nan,nan,nan,nan
1317375626.803794,KITTI_VO,nan,nan,nan,nan,nan,nan,nan,nan,nan,0.09998083114624023,0.9996959128130637,-0.024565232630912356,-0.002151978402742546,0.9406642655975135,0.024576630870591094,0.9996831598053386,0.005437779667194489,0.24992729870702457,0.002017716467534602,-0.005489013677775593,0.999982899632617,0.021965879225324475,nan,nan
1317375626.913933,OXTS_IMU,0.9364103649058861,-0.05236152477252826,10.343373177305835,-0.0329843933775522,-0.007466154198502827,0.26424892941325817,nan,nan,nan,nan,nan,nan,nan,nan,nan,nan,nan,nan,nan,nan,nan,nan,nan,nan
1317375626.913933,KITTI_VO,nan,nan,nan,nan,nan,nan,nan,nan,nan,0.11013913154602051,0.9996309096689917,-0.02708336247527377,-0.0021297023280640094,0.9624203675407195,0.027089751649133145,0.9996284210979853,0.003027433954788682,0.14928273957824068,0.0020469181121979454,-0.0030840091674713514,0.9999931494892625,-0.0026562623228506,nan,nan
1317375627.013807,OXTS_IMU,0.6944240814661338,0.7012327227443625,9.988016259189827,-0.01092305159974219,-0.0059430128690230255,0.28713424460974674,nan,nan,nan,nan,nan,nan,nan,nan,nan,nan,nan,nan,nan,nan,nan,nan,nan,nan
1317375627.013807,KITTI_VO,nan,nan,nan,nan,nan,nan,nan,nan,nan,0.09987401962280273,0.9995609967439331,-0.029626823477754728,-0.00025457480172936284,0.9475715442942616,0.029627124574696604,0.999560250995796,0.0012403338998569844,0.20386383435235012,0.00021771572184411302,-0.0012473314493847375,0.999999198382257,-0.0198691023603573,nan,nan
1317375627.123905,OXTS_IMU,0.3281619386764503,0.8047928795012842,9.943254727413551,-0.017386309241595555,0.004722255617917497,0.3041329600993229,nan,nan,nan,nan,nan,nan,nan,nan,nan,nan,nan,nan,nan,nan,nan,nan,nan,nan
1317375627.123905,KITTI_VO,nan,nan,nan,nan,nan,nan,nan,nan,nan,0.11009788513183594,0.9994999518961748,-0.031619025301284236,-0.0002881865148909637,0.9537390265324668,0.03161925132309641,0.9994996767559721,0.0007870553040519173,0.16737924953811922,0.00026315643550529075,-0.0007957737747606711,0.9999996487470814,-0.023026485313193873,nan,nan
1317375627.223849,OXTS_IMU,0.5009918064842858,0.7561406517800214,9.276873631240695,-0.01713755416982296,0.008351587144996734,0.3192054169327806,nan,nan,nan,nan,nan,nan,nan,nan,nan,nan,nan,nan,nan,nan,nan,nan,nan,nan
1317375627.223849,KITTI_VO,nan,nan,nan,nan,nan,nan,nan,nan,nan,0.0999441146850586,0.9994851873557171,-0.03206897513212812,0.0009699189430940693,0.9403767846791977,0.03206653002863814,0.9994827415152872,0.00244692056038209,0.21839473098531137,-0.0010478876019596067,-0.0024145584999517417,0.9999965359096648,0.035927937727720405,nan,nan
1317375627.323798,OXTS_IMU,0.38444434936535365,0.32281375986376987,9.224839878208552,-0.018555834315615367,0.007577101135562026,0.33918611830985035,nan,nan,nan,nan,nan,nan,nan,nan,nan,nan,nan,nan,nan,nan,nan,nan,nan,nan
1317375627.323798,KITTI_VO,nan,nan,nan,nan,nan,nan,nan,nan,nan,0.09994888305664062,0.9999562616966077,-0.009261384101927365,0.0013043834495379111,0.36522781425246476,0.0092600735411112,0.9999566156058842,0.0010089570984715057,0.9165426333465658,-0.0013136713502442546,-0.0009968341223006918,0.9999986402895791,0.02961937825441241,nan,nan
1317375627.433997,OXTS_IMU,0.3714325203205652,1.0097983386443754,9.47009268953101,-0.02411217543982777,0.0005339142792223887,0.34205549385988865,nan,nan,nan,nan,nan,nan,nan,nan,nan,nan,nan,nan,nan,nan,nan,nan,nan,nan
1317375627.433997,KITTI_VO,nan,nan,nan,nan,nan,nan,nan,nan,nan,0.110198974609375,0.999366146715728,-0.03559888753917603,-0.00015355762916116625,0.9524048223973842,0.03559903648597218,0.99936561781946,0.0010348650653352754,0.15411260737197852,0.00011662018161618068,-0.0010396753660523205,0.9999994527375246,-0.02208737526595736,nan,nan
1317375627.53374,OXTS_IMU,-0.1942174027423535,0.5353203591932776,9.383708605635364,-0.02927955108448109,-0.0008279778300750108,0.347451042878838,nan,nan,nan,nan,nan,nan,nan,nan,nan,nan,nan,nan,nan,nan,nan,nan,nan,nan
1317375627.53374,KITTI_VO,nan,nan,nan,nan,nan,nan,nan,nan,nan,0.09974312782287598,0.9992866686725327,-0.03775804114885392,0.0006954688153849263,0.9596869562496311,0.03775344837049134,0.9992705985798568,0.005740071918649119,0.07772603761250163,-0.0009116955235861989,-0.005709720124094126,0.999983283808693,0.07134055570401282,nan,nan
1317375627.633784,OXTS_IMU,0.41174020217207197,0.4737645886525373,9.986014790037206,-0.009574145335981905,0.00019602282947676087,0.3669980940536751,nan,nan,nan,nan,nan,nan,nan,nan,nan,nan,nan,nan,nan,nan,nan,nan,nan,nan
1317375627.633784,KITTI_VO,nan,nan,nan,nan,nan,nan,nan,nan,nan,0.10004401206970215,0.999306201344159,-0.03719477319143839,-0.00191424466985464,0.929584715302755,0.037189199466271215,0.9993041103423564,-0.0028738394464648677,0.2147283968578756,0.0020198046075474156,0.0028006561021944256,0.9999940383458288,-0.12343613799696329,nan,nan
1317375627.74378,OXTS_IMU,0.7974769065005752,0.20410184759266103,9.074683204710238,0.0363858356935397,-0.015345716300615792,0.3912702918109303,nan,nan,nan,nan,nan,nan,nan,nan,nan,nan,nan,nan,nan,nan,nan,nan,nan,nan
1317375627.74378,KITTI_VO,nan,nan,nan,nan,nan,nan,nan,nan,nan,0.10999584197998047,0.9991649945799408,-0.04083853445643421,-0.0012357843196355244,0.9473009472193228,0.04083322720406874,0.9991577310124224,-0.0040591444283661045,0.15465810342345832,0.0014005131324631667,0.004005293558002891,0.9999909980563984,-0.028027786384431985,nan,nan
1317375627.84379,OXTS_IMU,0.6205324921652553,1.2372039496705696,10.457759715320949,0.04590909772134626,-0.008303089278563587,0.41295520786807355,nan,nan,nan,nan,nan,nan,nan,nan,nan,nan,nan,nan,nan,nan,nan,nan,nan,nan
1317375627.84379,KITTI_VO,nan,nan,nan,nan,nan,nan,nan,nan,nan,0.10001015663146973,0.9989387570996562,-0.04605238223299694,-0.000732791629719433,0.9611681218583581,0.04604843120035625,0.9989280245472185,-0.00472698908312095,-0.006067134312800149,0.0009496953193921214,0.0046882282187714,0.9999885592338758,0.0635102641872343,nan,nan
1317375627.95385,OXTS_IMU,0.10896492280004551,1.7240959447652224,10.022202581169141,-0.0008543394787751076,0.021438905815350785,0.4496200765790288,nan,nan,nan,nan,nan,nan,nan,nan,nan,nan,nan,nan,nan,nan,nan,nan,nan,nan
1317375627.95385,KITTI_VO,nan,nan,nan,nan,nan,nan,nan,nan,nan,0.11005997657775879,0.9988792600419293,-0.04724311881155657,0.0028828635941763442,0.9416416589663787,0.047241728996735906,0.9988833338537344,0.0005523482504810517,0.1460648260560803,-0.002905739382211972,-0.0004155375516581134,0.9999956919856139,0.02728964638244069,nan,nan
1317375628.053785,OXTS_IMU,0.9150279204534134,0.8335861778659397,9.653320269155333,-0.04256796408392133,0.03194746453017605,0.4814070451615091,nan,nan,nan,nan,nan,nan,nan,nan,nan,nan,nan,nan,nan,nan,nan,nan,nan,nan
1317375628.053785,KITTI_VO,nan,nan,nan,nan,nan,nan,nan,nan,nan,0.09993505477905273,0.9987126014027047,-0.05065826287281041,0.0026228661950125996,0.9372880717649752,0.05064768213163654,0.9987087362274836,0.003958948323647637,0.15125919868845406,-0.0028200331532370316,-0.003821008823443008,0.9999887235791342,0.00805084115816973,nan,nan
1317375628.153761,OXTS_IMU,0.8648286729661268,1.4293139709099343,9.555988711646448,-0.03056555075336805,0.011802357746509983,0.5039845506812561,nan,nan,nan,nan,nan,nan,nan,nan,nan,nan,nan,nan,nan,nan,nan,nan,nan,nan
1317375628.153761,KITTI_VO,nan,nan,nan,nan,nan,nan,nan,nan,nan,0.0999758243560791,0.9983907072474671,-0.05670453362222846,0.0007684944599089778,0.9488157929575225,0.056702982579907205,0.9983892368579398,0.0019246983422673764,0.05101537773317788,-0.0008763958197884988,-0.0018780245846618448,0.9999978524716608,-0.002298495709229159,nan,nan
1317375628.263747,OXTS_IMU,0.6591345044778789,0.6189826716192248,9.562760317199942,0.0019068118659311827,-0.00040320260653611297,0.5261454696552365,nan,nan,nan,nan,nan,nan,nan,nan,nan,nan,nan,nan,nan,nan,nan,nan,nan,nan
1317375628.263747,KITTI_VO,nan,nan,nan,nan,nan,nan,nan,nan,nan,0.1099860668182373,0.9984429020068915,-0.05577433946256772,-0.0009967659057034607,0.9365946404122716,0.055772945061930326,0.9984425126206253,-0.0013887157511101903,0.13441208097496715,0.001072668285170674,0.001330960815185605,0.9999985389653593,-0.02174434273923495,nan,nan
1317375628.363778,OXTS_IMU,0.7501439163997495,1.3439811091911924,9.562264650986982,0.04725729067297621,7.30041620621149e-05,0.5454802640872606,nan,nan,nan,nan,nan,nan,nan,nan,nan,nan,nan,nan,nan,nan,nan,nan,nan,nan
1317375628.363778,KITTI_VO,nan,nan,nan,nan,nan,nan,nan,nan,nan,0.10003113746643066,0.9983388911658128,-0.057614728854208784,-2.0165600820046253e-05,0.9332958439611017,0.057613170781955485,0.998314113947482,-0.007046520207578381,0.1413732154039401,0.0004261150166233565,0.00703365261488419,0.9999751727686912,-0.019408538621733196,nan,nan
1317375628.463954,OXTS_IMU,1.0461377814917285,1.5348053594230242,10.13400182041605,0.04741644741142233,-0.002036531030686129,0.5556651734240202,nan,nan,nan,nan,nan,nan,nan,nan,nan,nan,nan,nan,nan,nan,nan,nan,nan,nan
1317375628.463954,KITTI_VO,nan,nan,nan,nan,nan,nan,nan,nan,nan,0.10017585754394531,0.9981006737337521,-0.061603401265192696,-0.0002547851378637551,0.9489562926052899,0.061600569538111015,0.9980807605230692,-0.006337699590231978,0.011536360262509593,0.0006447200810000819,0.0063099666787836284,0.9999798841256912,0.011419559719051897,nan,nan
1317375628.573779,OXTS_IMU,1.048800094887684,1.6976950071218277,10.181486034998466,0.026831953013404086,0.017692626395572078,0.5552084959867669,nan,nan,nan,nan,nan,nan,nan,nan,nan,nan,nan,nan,nan,nan,nan,nan,nan,nan
1317375628.573779,KITTI_VO,nan,nan,nan,nan,nan,nan,nan,nan,nan,0.10982513427734375,0.9983286007812097,-0.05778686298805044,0.0008260325760416151,0.9351523404093094,0.05778878533451662,0.9983256748875976,-0.0025108072464476586,0.1299138215705935,-0.0006795579257292067,0.002554345946283176,0.9999965067503904,-0.01879473596122941,nan,nan
1317375628.673768,OXTS_IMU,0.5629155980181405,1.9779016634760784,9.385544586075358,0.019891685192380666,0.02358766577264265,0.5684574616061736,nan,nan,nan,nan,nan,nan,nan,nan,nan,nan,nan,nan,nan,nan,nan,nan,nan,nan
1317375628.673768,KITTI_VO,nan,nan,nan,nan,nan,nan,nan,nan,nan,0.09998893737792969,0.9982351584231589,-0.05931727963497373,0.0028333353158310334,0.934923367693334,0.0593266852163397,0.998232986647201,-0.0033540786074350596,0.12187527233211248,-0.0026293742470530827,0.0035162512984304064,0.9999903611289495,0.02224303974053904,nan,nan
1317375628.773772,OXTS_IMU,1.491395596575549,2.000461835502559,10.061369510695684,0.012206469281705308,0.016313896697060515,0.5801607927023972,nan,nan,nan,nan,nan,nan,nan,nan,nan,nan,nan,nan,nan,nan,nan,nan,nan,nan
1317375628.773772,KITTI_VO,nan,nan,nan,nan,nan,nan,nan,nan,nan,0.10000395774841309,0.9981730073432663,-0.0603908681260316,0.001894566517375747,0.9324170999874697,0.06039363767961993,0.998173611540795,-0.001432074921029835,0.1304991978698915,-0.0018046222555796404,0.0015438782769460785,0.9999971798796362,0.002050307981415811,nan,nan
1317375628.883735,OXTS_IMU,1.4514400959329576,2.0487807792192134,9.573405268626217,0.005457011451594073,0.02245928594533817,0.5808339537994587,nan,nan,nan,nan,nan,nan,nan,nan,nan,nan,nan,nan,nan,nan,nan,nan,nan,nan
1317375628.883735,KITTI_VO,nan,nan,nan,nan,nan,nan,nan,nan,nan,0.10996294021606445,0.9982000590907503,-0.05997106552918518,0.00033505057166076813,0.9351912137074478,0.05997060611767952,0.9981993222477793,0.0012808358581883257,0.09991283949319452,-0.0004112603909870436,-0.0012584368881516333,0.9999991235989049,-0.0852104539398405,nan,nan
1317375628.983836,OXTS_IMU,0.8330977265281765,2.1360867279038134,9.792818787677113,0.0043526728484268185,0.025143987380518974,0.5809327153352812,nan,nan,nan,nan,nan,nan,nan,nan,nan,nan,nan,nan,nan,nan,nan,nan,nan,nan
1317375628.983836,KITTI_VO,nan,nan,nan,nan,nan,nan,nan,nan,nan,0.10010099411010742,0.9982198141367844,-0.05961747361140842,0.0017200154599548612,0.9321374077568461,0.059617127793547615,0.9982212838105371,0.0002601607444705358,0.1283056974091079,-0.0017324663618099034,-0.0001571550225602027,0.9999984869248638,-0.0514189606417047,nan,nan
1317375629.093943,OXTS_IMU,1.731120304224719,2.285969407543205,9.496552116945754,-0.004649422471834605,0.0221501798946864,0.5751452073578269,nan,nan,nan,nan,nan,nan,nan,nan,nan,nan,nan,nan,nan,nan,nan,nan,nan,nan
1317375629.093943,KITTI_VO,nan,nan,nan,nan,nan,nan,nan,nan,nan,0.1101071834564209,0.9982328329601091,-0.05937862127724728,0.00232152862639497,0.9305661020634082,0.05938077238831849,0.9982350330461999,-0.0008623943552364565,0.14319546370544511,-0.0022662236711058653,0.0009987245742377746,0.9999969333781868,0.013572229260467139,nan,nan
1317375629.193756,OXTS_IMU,1.188307048329399,2.2807533393979393,9.77700640506592,0.012098712467947702,0.03847453245545654,0.5619172204025464,nan,nan,nan,nan,nan,nan,nan,nan,nan,nan,nan,nan,nan,nan,nan,nan,nan,nan
1317375629.193756,KITTI_VO,nan,nan,nan,nan,nan,nan,nan,nan,nan,0.09981298446655273,0.9983422574591461,-0.05751281012793159,0.002238897311481342,0.9364308855952079,0.057514760340571625,0.9983443279017756,-0.0008101135551235843,0.12291905364084388,-0.002188598769934346,0.0009375402910047913,0.999997165516166,-0.01692585218344969,nan,nan
1317375629.293896,OXTS_IMU,2.1242197729888965,2.130719730885687,9.443540904650826,0.027918654144564268,0.03250720801695138,0.5431967674415188,nan,nan,nan,nan,nan,nan,nan,nan,nan,nan,nan,nan,nan,nan,nan,nan,nan,nan
1317375629.293896,KITTI_VO,nan,nan,nan,nan,nan,nan,nan,nan,nan,0.10013985633850098,0.9984628623053144,-0.05532868312950611,0.00326320581415651,0.9366162313915474,0.05534169906964063,0.9984593062461348,-0.004038693183825271,0.13306549460459682,-0.0030347229746920342,0.004213076120740293,0.9999865201221741,0.01883171855187432,nan,nan
1317375629.403975,OXTS_IMU,1.4430108340401588,2.488432917699367,9.626967011015596,0.01245941254177019,0.012300152828496051,0.506672665987514,nan,nan,nan,nan,nan,nan,nan,nan,nan,nan,nan,nan,nan,nan,nan,nan,nan,nan
1317375629.403975,KITTI_VO,nan,nan,nan,nan,nan,nan,nan,nan,nan,0.11007905006408691,0.9986314656001852,-0.05228926760798778,0.0010136938669068453,0.9505296701536305,0.05229234120839409,0.9986264538413651,-0.003273770990084301,0.0696967498656541,-0.0008411185131653914,0.0033222988698074925,0.9999941274045198,0.006354231577233943,nan,nan
1317375629.503876,OXTS_IMU,2.0443466710157363,2.649026998666658,9.314643046010364,-0.024706419375853148,0.009248633570291988,0.469503747275488,nan,nan,nan,nan,nan,nan,nan,nan,nan,nan,nan,nan,nan,nan,nan,nan,nan,nan
1317375629.503876,KITTI_VO,nan,nan,nan,nan,nan,nan,nan,nan,nan,0.09990096092224121,0.9988252499551031,-0.04845479588004717,0.0005020770869685992,0.9545823001029428,0.04845410009878048,0.9988245156959144,0.0013370711576692782,0.06317170014857865,-0.0005662744785870153,-0.0013111724140555153,0.9999989800775907,-0.02088842358559001,nan,nan
1317375629.613752,OXTS_IMU,1.419393970070873,1.9975773973440887,9.117396552903479,-0.025866540231033127,-0.0004641495595371879,0.41695799180432463,nan,nan,nan,nan,nan,nan,nan,nan,nan,nan,nan,nan,nan,nan,nan,nan,nan,nan
1317375629.613752,KITTI_VO,nan,nan,nan,nan,nan,nan,nan,nan,nan,0.10987591743469238,0.999095872735227,-0.04251130193891789,-0.00047508905000000565,0.9523511856162201,0.042512328729149375,0.9990930936562022,0.0023859368074573514,0.11576955898808339,0.00037322894799393164,-0.002403976305220599,0.9999970407953308,-0.03558858529735681,nan,nan
1317375629.713736,OXTS_IMU,1.2730781461251577,1.4850395123344184,10.05187772937592,-0.01941172188854981,-0.012572497718380739,0.37424042086656994,nan,nan,nan,nan,nan,nan,nan,nan,nan,nan,nan,nan,nan,nan,nan,nan,nan,nan
1317375629.713736,KITTI_VO,nan,nan,nan,nan,nan,nan,nan,nan,nan,0.09998416900634766,0.9993018997383353,-0.03730733140130837,-0.001968687530678064,0.9673721256160395,0.03731385219173887,0.9992978745247996,0.0033815480613881414,0.038443741454706304,0.0018411489350973974,-0.0034526461386432516,0.9999923446783243,-0.028031150961287388,nan,nan
1317375629.813882,OXTS_IMU,1.9267875680746598,1.425850533060445,10.432681651260504,-0.0018010550111532278,-0.021628734702502206,0.34083409428569966,nan,nan,nan,nan,nan,nan,nan,nan,nan,nan,nan,nan,nan,nan,nan,nan,nan,nan
1317375629.813882,KITTI_VO,nan,nan,nan,nan,nan,nan,nan,nan,nan,0.10014605522155762,0.9994004332540943,-0.034503065472771384,-0.002883065065296712,0.9650450742037431,0.0345009467805716,0.9994043575433206,-0.0007843441301243221,0.08826330786480097,0.0029084103982064346,0.000684405411441041,0.9999955363687784,-0.019557321707431824,nan,nan
1317375629.923812,OXTS_IMU,1.0902349996978131,1.592193059018341,9.48187278578866,-0.0009055379545612455,-0.021793698361790532,0.3069950883378438,nan,nan,nan,nan,nan,nan,nan,nan,nan,nan,nan,nan,nan,nan,nan,nan,nan,nan
1317375629.923812,KITTI_VO,nan,nan,nan,nan,nan,nan,nan,nan,nan,0.10992980003356934,0.9994992866714025,-0.031554341018601065,-0.0023450259744428317,0.9735171024820406,0.03155029349119599,0.9995006395766339,-0.0017466569096400964,0.02606463781838886,0.0023989698444748437,0.0016717959587090002,0.9999957250196302,0.013694884804618834,nan,nan
1317375630.023773,OXTS_IMU,1.2488198382963123,1.5533679641857405,9.593282132427142,-0.010498291897955666,-0.015556429036975994,0.26471078401016346,nan,nan,nan,nan,nan,nan,nan,nan,nan,nan,nan,nan,nan,nan,nan,nan,nan,nan
1317375630.023773,KITTI_VO,nan,nan,nan,nan,nan,nan,nan,nan,nan,0.0999610424041748,0.9997044235933071,-0.02428384758301899,-0.0011661757078853003,0.9654458955744969,0.024286992796150392,0.9997012239448947,0.002757724974076918,0.14658171970095668,0.0010988592298523349,-0.002785232308744646,0.9999955174875049,-0.011115193700047793,nan,nan
1317375630.133784,OXTS_IMU,1.8964644455898494,1.6449724451430312,9.377419779943908,-0.006568105801154891,-0.021578595982192323,0.20744792680006424,nan,nan,nan,nan,nan,nan,nan,nan,nan,nan,nan,nan,nan,nan,nan,nan,nan,nan
1317375630.133784,KITTI_VO,nan,nan,nan,nan,nan,nan,nan,nan,nan,0.11001110076904297,0.9997806610359853,-0.020834736643304208,-0.0021315209107784444,0.981595481232417,0.02083741149899783,0.9997821111113309,0.0012380454159683606,0.03877239953733158,0.002105262362940369,-0.0012821890036051895,0.9999969619329553,-0.027348163061533676,nan,nan
1317375630.233719,OXTS_IMU,1.370512224097707,0.8068797062088294,9.879065908865568,0.0016231092635180095,-0.013956120964667775,0.16542582936931444,nan,nan,nan,nan,nan,nan,nan,nan,nan,nan,nan,nan,nan,nan,nan,nan,nan,nan
1317375630.233719,KITTI_VO,nan,nan,nan,nan,nan,nan,nan,nan,nan,0.09993505477905273,0.9998637001922225,-0.016496170934165437,-0.0006762096375995448,0.9865775718155134,0.01649516703499367,0.9998628649052068,-0.0014700226712519584,0.006895862812899445,0.0007003667322996363,0.0014586679759314566,0.9999986908884014,-0.009757561194143644,nan,nan
1317375630.333711,OXTS_IMU,1.6106131499390337,1.0472040424448565,10.132617710121549,0.0050271905316221,-0.0008709811795646338,0.13365145105404763,nan,nan,nan,nan,nan,nan,nan,nan,nan,nan,nan,nan,nan,nan,nan,nan,nan,nan
1317375630.333711,KITTI_VO,nan,nan,nan,nan,nan,nan,nan,nan,nan,0.0999917984008789,0.9999037943913816,-0.013848570178819061,0.0007867528425216494,0.9886807640577491,0.013848833185067674,0.999904047385753,-0.00032547123439998475,-0.013499803026065571,-0.0007821701291838802,0.000336335528852178,0.9999996375416661,0.009284480586121607,nan,nan
1317375630.443881,OXTS_IMU,1.5022118917266891,1.051900780688263,10.343895466357086,-0.011263215874781025,0.017762314339184154,0.09746993365011707,nan,nan,nan,nan,nan,nan,nan,nan,nan,nan,nan,nan,nan,nan,nan,nan,nan,nan
1317375630.443881,KITTI_VO,nan,nan,nan,nan,nan,nan,nan,nan,nan,0.11017012596130371,0.999939741262146,-0.010961604639367796,0.0005975015951151996,0.9907686005780301,0.010960373897535703,0.9999378728676657,0.0020299442585146312,-0.03668047399538843,-0.0006197159945154526,-0.0020232727936267112,0.9999977611548323,-0.004983534268490797,nan,nan
1317375630.543749,OXTS_IMU,1.5157793370746124,0.34333496890661136,9.324588939564789,-0.020276101990716132,0.020142488022510372,0.0703669417581439,nan,nan,nan,nan,nan,nan,nan,nan,nan,nan,nan,nan,nan,nan,nan,nan,nan,nan
1317375630.543749,KITTI_VO,nan,nan,nan,nan,nan,nan,nan,nan,nan,0.0998680591583252,0.9999764135610691,-0.0067230029218664595,0.0014048237308040747,0.9938973802997841,0.006721305024823349,0.9999766784638829,0.0012110407203353094,0.01879241016577471,-0.001412932961361646,-0.0012015697289367055,0.9999982799193456,-0.0025450399485450748,nan,nan
1317375630.653735,OXTS_IMU,1.5692819857154967,0.09609349742115353,9.250698926734744,-0.0016882388881520236,0.011436240898859135,0.04519777391544017,nan,nan,nan,nan,nan,nan,nan,nan,nan,nan,nan,nan,nan,nan,nan,nan,nan,nan
1317375630.653735,KITTI_VO,nan,nan,nan,nan,nan,nan,nan,nan,nan,0.1099858283996582,0.9999851890224444,-0.00524336262553314,0.0014590647340432005,0.9952533257172704,0.005243142020579049,0.9999862425007486,0.00015586590107392661,-0.024298193131008117,-0.0014598620889449193,-0.00014821347502842386,0.9999989234126601,-0.0041585686777446396,nan,nan
1317375630.753729,OXTS_IMU,1.0188929821842465,-0.0902791238726933,9.825569186496576,0.019043699348062722,0.0017819784081663723,0.01905030837938379,nan,nan,nan,nan,nan,nan,nan,nan,nan,nan,nan,nan,nan,nan,nan,nan,nan,nan
1317375630.753729,KITTI_VO,nan,nan,nan,nan,nan,nan,nan,nan,nan,0.09999418258666992,0.9999937314960854,-0.0035398615931761823,-7.958504132455652e-05,0.9961312691556732,0.003539712374573481,0.9999920918741625,-0.0018129092093582177,-0.04628593028063499,8.600187208318542e-05,0.0018126159076393502,0.9999983535124181,-0.013985413983350181,nan,nan
1317375630.863713,OXTS_IMU,1.79699488352425,0.009774659039001786,10.099305591247925,0.017934800940022387,0.016619592123705854,-0.005262748694725235,nan,nan,nan,nan,nan,nan,nan,nan,nan,nan,nan,nan,nan,nan,nan,nan,nan,nan
1317375630.863713,KITTI_VO,nan,nan,nan,nan,nan,nan,nan,nan,nan,0.10998392105102539,0.9999969119426969,0.000745754886544398,0.0023706478444334477,1.0000400457859198,-0.0007408038892986186,0.99999754420443,-0.0020887299717650847,-0.004726688984511673,-0.002372199969763454,0.0020869670534165484,0.9999950085981186,0.007370894284881441,nan,nan
1317375630.964064,OXTS_IMU,1.3154226557771724,0.4420699070432119,9.515072533244448,-0.004464428636910049,0.025063898713488287,-0.012881222194947917,nan,nan,nan,nan,nan,nan,nan,nan,nan,nan,nan,nan,nan,nan,nan,nan,nan,nan
1317375630.964064,KITTI_VO,nan,nan,nan,nan,nan,nan,nan,nan,nan,0.10035085678100586,0.999993503727412,0.0015167310684724078,0.0032698705461570547,1.0004469796409092,-0.0015151871873840194,0.9999987394339029,-0.00047469380096431006,-0.003449848999790839,-0.0032705867783595767,0.00046973617902679784,0.9999945412804442,0.010957079367824585,nan,nan
1317375631.063717,OXTS_IMU,1.4711459505175446,-0.1533065296106566,9.328225156896405,-0.019719949570411767,0.005598261115087754,-0.0174464585636895,nan,nan,nan,nan,nan,nan,nan,nan,nan,nan,nan,nan,nan,nan,nan,nan,nan,nan
1317375631.063717,KITTI_VO,nan,nan,nan,nan,nan,nan,nan,nan,nan,0.09965300559997559,0.9999985021629518,0.0017305204640742679,3.123532107854086e-05,1.001257107639132,-0.0017305867797911788,0.9999959715725879,0.0022498675975770287,0.017736224651477173,-2.7341759869817338e-05,-0.002249917989904776,0.9999974685569887,-0.005250443602778709,nan,nan
1317375631.173708,OXTS_IMU,1.031630133050321,0.028821819084500426,9.339238691614934,-0.015966671394860226,-0.020356457181558214,-0.017037077715873268,nan,nan,nan,nan,nan,nan,nan,nan,nan,nan,nan,nan,nan,nan,nan,nan,nan,nan
1317375631.173708,KITTI_VO,nan,nan,nan,nan,nan,nan,nan,nan,nan,0.10999107360839844,0.9999959489372037,0.001095161238963031,-0.002627302198310822,1.0008322591009062,-0.001092118558344132,0.9999987315816959,0.0011593572472788694,0.030658316863022672,0.002628568846195594,-0.0011564830709843957,0.9999958765863767,-0.02500344264122137,nan,nan
1317375631.273706,OXTS_IMU,1.5638223668608797,-0.6066216021234615,9.946363918633192,-0.0036452490493946626,-0.0029646550584125774,-0.014039922397639007,nan,nan,nan,nan,nan,nan,nan,nan,nan,nan,nan,nan,nan,nan,nan,nan,nan,nan
1317375631.273706,KITTI_VO,nan,nan,nan,nan,nan,nan,nan,nan,nan,0.09999799728393555,0.9999982957924872,0.0018230071398353277,0.00029165698348252757,1.0013863745299574,-0.001823410526009432,0.9999973752672804,0.0013873096656951429,-0.0016647849316003827,-0.0002891271774982474,-0.0013878389338101678,0.9999989951526738,0.005316170502427303,nan,nan
1317375631.383729,OXTS_IMU,1.5931385709257961,-0.1947729717279528,10.158451852430217,0.000277277145770324,0.021203430621147202,-0.016074402278081733,nan,nan,nan,nan,nan,nan,nan,nan,nan,nan,nan,nan,nan,nan,nan,nan,nan,nan
1317375631.383729,KITTI_VO,nan,nan,nan,nan,nan,nan,nan,nan,nan,0.11002302169799805,0.9999965250983283,0.0015097264509115122,0.0021611419544208966,1.0004360583969438,-0.0015079037128080035,0.9999985061240421,-0.000844968600985396,0.00010667193665214736,-0.0021624146419951845,0.0008417067509611598,0.9999973077361592,-0.021019341409609343,nan,nan
1317375631.48376,OXTS_IMU,1.138309933613989,0.6912239533141964,10.508591381815524,-0.00790503217801498,0.030394092331313575,-0.01793950018538398,nan,nan,nan,nan,nan,nan,nan,nan,nan,nan,nan,nan,nan,nan,nan,nan,nan,nan
1317375631.48376,KITTI_VO,nan,nan,nan,nan,nan,nan,nan,nan,nan,0.10003113746643066,0.9999912658273274,0.002191256908429766,0.0035590292015514158,1.0009272699393796,-0.0021965683712587185,0.9999964789481265,0.0014890176266941964,0.010671531312441918,-0.0035557542565971953,-0.0014968220860974487,0.9999925580292679,0.0003303939874680084,nan,nan
1317375631.593772,OXTS_IMU,1.507235993053332,0.2703463824134859,9.28953926879938,-0.010407708041635705,0.02698119342542244,-0.018228365627439663,nan,nan,nan,nan,nan,nan,nan,nan,nan,nan,nan,nan,nan,nan,nan,nan,nan,nan
1317375631.593772,KITTI_VO,nan,nan,nan,nan,nan,nan,nan,nan,nan,0.11001181602478027,0.9999940828666257,0.003039576628578572,0.0016109694999708504,1.000494573921195,-0.003039115009979163,0.9999953400042518,-0.00028938296208653216,0.05918737960356568,-0.001611841777296762,0.00028448527832821053,0.9999986605112904,-0.008249352755169803,nan,nan
1317375631.693825,OXTS_IMU,1.5304582998855092,0.06524901557748926,9.165864595318736,-0.011719277870452896,-0.007056489347217091,-0.017694577415339516,nan,nan,nan,nan,nan,nan,nan,nan,nan,nan,nan,nan,nan,nan,nan,nan,nan,nan
1317375631.693825,KITTI_VO,nan,nan,nan,nan,nan,nan,nan,nan,nan,0.10005307197570801,0.9999981492356235,0.0018480966684093917,-0.0005348509767995134,1.0015490431643848,-0.0018477650729786586,0.9999981002715795,0.0006206550099585552,0.00278830300995514,0.0005359970512943054,-0.0006196655050421238,0.9999996643625003,-0.013101235650330473,nan,nan
1317375631.793725,OXTS_IMU,1.1519073344602018,0.07103472572722824,9.974032398375957,-0.019962118371797802,-0.025377103740497283,-0.01688605852191329,nan,nan,nan,nan,nan,nan,nan,nan,nan,nan,nan,nan,nan,nan,nan,nan,nan,nan
1317375631.793725,KITTI_VO,nan,nan,nan,nan,nan,nan,nan,nan,nan,0.0999000072479248,0.9999950174483052,0.0018153157771684627,-0.002582575271893086,1.0020578276476129,-0.001806824387542347,0.999992966581966,0.0032866653513098786,0.0021659069451012147,0.002588523732459728,-0.003281982281353396,0.9999912640380669,-0.0010522753366254411,nan,nan
1317375631.903828,OXTS_IMU,1.1373104455453056,-0.8634545673117654,10.319878875075942,-0.009906020362105365,-0.004741466227564601,-0.015395066797096237,nan,nan,nan,nan,nan,nan,nan,nan,nan,nan,nan,nan,nan,nan,nan,nan,nan,nan
1317375631.903828,KITTI_VO,nan,nan,nan,nan,nan,nan,nan,nan,nan,0.11010289192199707,0.999999209469848,0.0012490319875759026,-0.00014484950440323815,1.0010291974421466,-0.0012489395101329917,0.9999990159884262,0.0006388809562303324,0.006813654852511508,0.00014564736025883714,-0.0006386994618282128,0.9999997854252978,-0.0020148501161411925,nan,nan
1317375632.003767,OXTS_IMU,0.9367060723144102,0.3064663274660949,10.04625423851791,0.01807438857653714,0.01602584317346818,-0.014138208138477252,nan,nan,nan,nan,nan,nan,nan,nan,nan,nan,nan,nan,nan,nan,nan,nan,nan,nan
1317375632.003767,KITTI_VO,nan,nan,nan,nan,nan,nan,nan,nan,nan,0.09993910789489746,0.9999927367189166,0.0030645330227504174,0.002266090844521876,1.0015470496350212,-0.0030623702942735543,0.9999948524511543,-0.0009575761859508786,0.032695994085182534,-0.002269013960021255,0.0009506294821344252,0.9999969739281757,0.0053076484574300364,nan,nan
1317375632.113703,OXTS_IMU,0.454408604141615,-0.3058464867670984,10.022733569621353,0.023431580314851506,0.021624689920622595,-0.011646358662667758,nan,nan,nan,nan,nan,nan,nan,nan,nan,nan,nan,nan,nan,nan,nan,nan,nan,nan
1317375632.113703,KITTI_VO,nan,nan,nan,nan,nan,nan,nan,nan,nan,0.10993599891662598,0.9999911027643282,0.003426484816886012,0.002460409844994238,0.9991429221855168,-0.0034251410178002045,0.9999939826471728,-0.0005505185126201418,0.08118978847621927,-0.002462281662235693,0.0005420862772509814,0.9999968216432903,0.017051832135051154,nan,nan
1317375632.213674,OXTS_IMU,0.5213327403047449,0.4994494998363598,9.351784324262068,0.009242265475900891,0.019380929199476492,-0.011933539049987733,nan,nan,nan,nan,nan,nan,nan,nan,nan,nan,nan,nan,nan,nan,nan,nan,nan,nan
1317375632.213674,KITTI_VO,nan,nan,nan,nan,nan,nan,nan,nan,nan,0.09997105598449707,0.9999978039762669,0.0013067212835619086,0.0016384553111405491,1.0006567867665384,-0.0013050793926420222,0.9999986454126701,-0.0010029640969398941,0.00876704514912996,-0.0016397638711520613,0.0010008234406144471,0.9999981547567155,0.0004492188990634638,nan,nan
1317375632.313836,OXTS_IMU,-0.05432983151606312,-0.2299007653415528,8.85252524619222,0.001991841730103591,-0.03522063417035267,-0.005819792777777644,nan,nan,nan,nan,nan,nan,nan,nan,nan,nan,nan,nan,nan,nan,nan,nan,nan,nan
1317375632.313836,KITTI_VO,nan,nan,nan,nan,nan,nan,nan,nan,nan,0.10016202926635742,0.9999901251944403,0.0009992133367691977,-0.004330249391569181,1.0011747804834639,-0.0009981634149451237,0.9999994719008235,0.00024467331290296726,0.03246748976211322,0.004330492077933981,-0.00024034856475347482,0.9999905945059155,0.01202833800463099,nan,nan
1317375632.423827,OXTS_IMU,1.1387510989341019,-0.06509517517759339,10.045262581618099,0.01002710505858735,-0.06354572063576674,-0.003191213802132467,nan,nan,nan,nan,nan,nan,nan,nan,nan,nan,nan,nan,nan,nan,nan,nan,nan,nan
1317375632.423827,KITTI_VO,nan,nan,nan,nan,nan,nan,nan,nan,nan,0.10999083518981934,0.9999805068767181,0.0006139356834267807,-0.006213606671437165,1.0017689927139537,-0.0006262999743873712,0.999997827604924,-0.0019880976425483313,-0.0023399896244034046,0.006212373318823744,0.001991950213373858,0.9999787190712236,0.013028312667522607,nan,nan
1317375632.523663,OXTS_IMU,1.0662341123092673,0.17718046324403855,9.56335949294544,0.028200827625752704,-0.05165995734308635,0.0011268852632899836,nan,nan,nan,nan,nan,nan,nan,nan,nan,nan,nan,nan,nan,nan,nan,nan,nan,nan
1317375632.523663,KITTI_VO,nan,nan,nan,nan,nan,nan,nan,nan,nan,0.09983611106872559,0.9999877077123365,-8.739043329023117e-05,-0.004957494614406277,1.0009379549145017,7.150999102271807e-05,0.9999948665165356,-0.0032034088318708275,-0.0013664870764965587,0.004957749681471287,0.0032030145270980823,0.9999825805728196,-0.019912612251435424,nan,nan
1317375632.633685,OXTS_IMU,0.5250250890688587,0.8390362335069862,11.209936492364154,0.013534541132918748,0.00012091052155529188,0.0048945862060429,nan,nan,nan,nan,nan,nan,nan,nan,nan,nan,nan,nan,nan,nan,nan,nan,nan,nan
1317375632.633685,KITTI_VO,nan,nan,nan,nan,nan,nan,nan,nan,nan,0.11002206802368164,0.9999996377628007,-0.00040119552007118644,0.000750679552703069,0.9994205205538564,0.00040184838423195176,0.9999995411394746,-0.0008696206178672773,0.004839749850104824,-0.0007503304043720004,0.0008699218468377095,0.999999340117579,-0.01023289937198582,nan,nan
1317375632.733682,OXTS_IMU,0.7225314377478029,0.25025944097445246,10.236263886161924,-0.006631907420047163,0.07109589037227573,-0.0009862150263810975,nan,nan,nan,nan,nan,nan,nan,nan,nan,nan,nan,nan,nan,nan,nan,nan,nan,nan
1317375632.733682,KITTI_VO,nan,nan,nan,nan,nan,nan,nan,nan,nan,0.09999680519104004,0.9999708893641898,-0.0001699629247106504,0.007628340426951439,0.9980751937005179,0.00016389977052093488,0.9999996702035807,0.0007954434509599471,0.00954510978174572,-0.007628473976137223,-0.0007941699178191018,0.9999705873861362,0.0018996425926931515,nan,nan
1317375632.833697,OXTS_IMU,0.3137781935134444,0.1073970188530339,8.795649799531652,-0.007878127450156066,0.06423989634457371,0.002939770254730062,nan,nan,nan,nan,nan,nan,nan,nan,nan,nan,nan,nan,nan,nan,nan,nan,nan,nan
1317375632.833697,KITTI_VO,nan,nan,nan,nan,nan,nan,nan,nan,nan,0.10001516342163086,0.9999701107828978,0.0002567065918894042,0.007727333641947923,0.9978412754757768,-0.0002685398017201038,0.9999987929747943,0.0015303381904878811,0.03397340661760928,-0.007726932348384544,-0.0015323673559983627,0.9999689726808886,0.017284813403259908,nan,nan
1317375632.943883,OXTS_IMU,-0.06268473989900436,0.5148293517822098,9.68480275037283,-0.016890049622965395,0.05634160334148131,0.0023687673095169133,nan,nan,nan,nan,nan,nan,nan,nan,nan,nan,nan,nan,nan,nan,nan,nan,nan,nan
1317375632.943883,KITTI_VO,nan,nan,nan,nan,nan,nan,nan,nan,nan,0.11018586158752441,0.9999864772852819,-0.00018852769564631724,0.0051970888903343886,0.9982171753246472,0.00018057774094230034,0.9999988130462062,0.001530130355577475,0.02902860972253274,-0.00519737178725244,-0.0015291709900341426,0.9999853243585566,-0.0005973552619306932,nan,nan
