0.999998855337573,-0.0005462275041101762,0.0014110134857879472,-0.05541291151301809,0.0005445001602170463,0.9999991023275512,0.0012242808776028852,-0.0038030294109429445,-0.0014116809550481155,-0.0012235111791454797,0.9999982550871154,0.9984562815691781,0.0,0.0,0.0,1.0
0.9999921004882094,-0.0008808164285207215,-0.003875967440264444,0.08820644533969933,0.0008833916764240221,0.999999390189024,0.0006627523867040255,-0.03399762596041235,0.0038753813134667497,-0.0006661711486585162,0.9999922687879521,0.9955218653699127,0.0,0.0,0.0,1.0
0.9999970708073112,-0.0014585565563932238,0.0019315769644333187,-0.02833444943054464,0.0014608098701946889,0.9999982536220519,-0.00116567035162388,-0.014984309666540872,-0.0019298733950358568,0.001168488603845507,0.9999974551082926,0.9994861827155416,0.0,0.0,0.0,1.0
0.9999998609999226,-0.00010174969013461755,0.0005173462440593961,-0.01938763095758834,0.0001019047126689504,0.9999999499180601,-0.00029963195280629205,-0.010511248185680068,-0.0005173157306913832,0.00029968463117776255,0.9999998212867623,0.9997567871374674,0.0,0.0,0.0,1.0
0.9999998675790386,-0.0004361802378496293,0.00027310932924729317,-0.02950780862225245,0.0004358869365174874,0.9999993292572864,0.0010730738818335375,-0.021974665438994578,-0.0002735771996825176,-0.0010729546949473576,0.9999993869616811,0.9993229724714411,0.0,0.0,0.0,1.0
0.9999982091827775,-0.0016076668665555608,0.0009985181446313038,-0.02663012984506755,0.0016058717744882383,0.9999970978411848,0.0017959635438143176,-0.034935046658471115,-0.0010014025578559752,-0.0017943568354671022,0.9999978887360034,0.9990347234703133,0.0,0.0,0.0,1.0
0.999999180446228,0.0012531182204951776,-0.0002623005845028784,0.011863286482733024,-0.0012530344988834865,0.999999164038466,0.00031910329813414004,-0.021159108983726426,0.00026270023938682226,-0.00031877436493036107,0.9999999146857408,0.9997057339741748,0.0,0.0,0.0,1.0
0.9999999868674141,-0.000161855513614888,8.24402007557068e-06,-0.07708990874942268,0.00016186897282385372,0.9999986096944843,-0.0016596407846441895,-0.005726959839356485,-7.97538660235464e-06,0.0016596420972998282,0.9999986227613027,0.9970076970114143,0.0,0.0,0.0,1.0
0.999992722425073,0.0036456194088181006,-0.001124524795919797,0.062130730349165865,-0.0036491634931331038,0.9999883304509463,-0.0031658439205240023,0.00976594611868611,0.0011129702111801545,0.00316992445568994,0.9999943564222022,0.998020239595714,0.0,0.0,0.0,1.0
0.9999928597103421,0.0037286370788427703,-0.0006146493845541681,0.009680240795495038,-0.0037296431865530247,0.9999916935718427,-0.0016439431312122701,0.001410244527318278,0.0006085146116986129,0.0016462238158713195,0.9999984598273717,0.9999521509294905,0.0,0.0,0.0,1.0
0.9999974583717768,0.002254566366667185,-1.3434477949793994e-05,-0.01216722306729759,-0.0022545666368423587,0.9999974582588117,-2.0129492173087682e-05,-0.02312360544196915,1.3389060526810062e-05,2.0159729937175436e-05,0.9999999997071592,0.9996585704900423,0.0,0.0,0.0,1.0
0.999997771638393,0.001113032343132655,0.0017938442662704598,-0.04425781290407777,-0.0011142843538586352,0.9999991362105005,0.0006971001589536046,-0.012038458666590738,-0.0017930668217432943,-0.0006990974581615357,0.9999981480853436,0.998947606989416,0.0,0.0,0.0,1.0
0.9999964487161194,-0.002659543014312164,0.00017142376095796719,-0.02116095041463784,0.0026591034717096075,0.9999933013659478,0.00251523198899555,-0.0054442703792907735,-0.000178111980318571,-0.0025147672231748495,0.9999968221059184,0.9997612585500533,0.0,0.0,0.0,1.0
0.9999805198813626,-0.006185926470694757,-0.0008331695500483315,0.012853377785426902,0.006188262782088343,0.9999768441311068,0.0028313610388329864,-0.024385940995661725,0.000815635666085255,-0.00283646175570176,0.9999956446020996,0.9996199860753391,0.0,0.0,0.0,1.0
0.9999975910084419,-0.0021927048892157594,0.00010011284813486385,-0.017600387068719192,0.002192922872193106,0.9999951050310874,-0.002231816108195367,-0.020370640246619706,-9.521864399331462e-05,0.0022320302715236745,0.9999975044840244,0.9996375660162906,0.0,0.0,0.0,1.0
0.999999931057606,7.793222108848006e-05,0.0003630583316186556,-0.016091882914329836,-7.724725310363366e-05,0.9999982179639789,-0.001886293118393903,-0.033290106432734425,-0.00036320468764797914,0.0018862649430895079,0.9999981550417576,0.9993161762515248,0.0,0.0,0.0,1.0
0.9999921531455953,0.002902254456484401,0.002696398766104925,-0.036587821093892914,-0.002898298062993238,0.9999947194134073,-0.0014700386522652435,-0.01282074078541276,-0.0027006509537674805,0.0014622121497651092,0.9999952841989082,0.9992481973730624,0.0,0.0,0.0,1.0
0.999994875160119,0.0030362042360775406,0.00101543947876564,-0.010222202429723704,-0.0030382030877878115,0.999993438779109,0.0019727444663872485,-0.010722641175003777,-0.0010094431611373678,-0.0019758194677475804,0.9999975385779384,0.9998902597503978,0.0,0.0,0.0,1.0
0.999999462566113,0.0007624978581386717,0.0007024702850407889,-0.0005780711747454821,-0.0007650431529350278,0.999993118033385,0.0036302334419236453,-0.014556325310824028,-0.000699697405439735,-0.0036307689109948936,0.9999931639469622,0.9998938839832768,0.0,0.0,0.0,1.0
0.9999959511156917,-0.0028456514476677425,-4.478992888843226e-06,0.0034501211175614385,0.002845654478920239,0.9999936118173206,0.0021630014185651594,-0.019333084413690364,-1.6761838418305822e-06,-0.002163005406488838,0.9999976606996648,0.9998071456592652,0.0,0.0,0.0,1.0
0.9999919558742304,-0.0033817894039964453,-0.0021567770535050462,0.04122563763206488,0.0033771729348806632,0.9999920064279141,-0.002140510042568102,-0.013388327228765023,0.002163998567333132,0.002133209014944461,0.9999953832540924,0.9990601580965208,0.0,0.0,0.0,1.0
0.9999999075266547,-0.00041541310886311037,0.00011125929487230696,-0.0029962566815609965,0.00041564297373649907,0.9999977628050053,-0.0020740361382250785,-0.01892662416366924,-0.00011039746416350834,0.002074082190576195,0.999997842995407,0.9998163858147483,0.0,0.0,0.0,1.0
0.9999987817035437,-0.0013748890097599344,0.0007391019135253307,-0.028174151415484835,0.001376584813709493,0.9999964102134941,-0.0022988202140484873,-0.020520721373888533,-0.0007359386376595903,0.0022998348498738594,0.9999970845727425,0.9993923739884712,0.0,0.0,0.0,1.0
0.9999912897859538,0.0041293178667524445,0.0006075246333888912,-0.0019971350096381793,-0.004128589129962971,0.9999907622187595,-0.0011959217950726784,-0.0020788248759744774,-0.000612457362444863,0.0011934031587402649,0.9999991003420352,0.999995844960812,0.0,0.0,0.0,1.0
0.9999995454967749,0.0009503796794718339,-7.605727091838412e-05,-0.012803354341350805,-0.0009505590057034217,0.9999966837020389,-0.0023935376540861076,-0.01268237414335341,7.378224914131835e-05,0.0023936088631393484,0.9999971325922841,0.9998376025653855,0.0,0.0,0.0,1.0
0.9999999886760413,-6.302151465774718e-05,-0.00013666091537305148,-0.0040186529306455,6.319219156567522e-05,0.999999217673401,0.0012492635160458627,-0.026863245354624962,0.00013658207798059475,-0.001249272137802012,0.9999992103319192,0.9996310401731433,0.0,0.0,0.0,1.0
0.9999996619217388,0.0005389202392333118,0.000621064717396464,0.00018919168319507588,-0.0005394981392680784,0.9999994213626495,0.000930707324326545,-0.007294431009361679,-0.0006205627810113403,-0.0009310420729340321,0.9999993740310507,0.9999733773869965,0.0,0.0,0.0,1.0
0.9999980054094304,-0.0019842801903438454,-0.0002276165346428785,-0.05601143402817973,0.0019845676816541936,0.9999972244739642,0.0012698564820695854,0.0229022253742011,0.00022509615182524784,-0.001270305669644322,0.9999991678272677,0.9981674244990246,0.0,0.0,0.0,1.0
0.9999983264587261,0.001829354575601091,2.3271942630218728e-05,-0.01984744711298899,-0.0018293668421650573,0.9999981817304741,0.0005384725643337758,-0.015124859073421423,-2.2286843066161854e-05,-0.0005385142360979211,0.9999998547528465,0.9996886102587677,0.0,0.0,0.0,1.0
0.9999967243935483,0.0024784027057751703,0.0006393138519529204,-0.029125678357339074,-0.0024781549661188735,0.9999968540930781,-0.00038801019492607294,-0.016827425539193853,-0.0006402734862479866,0.0003864246051602793,0.9999997203629045,0.9994341061870701,0.0,0.0,0.0,1.0
0.9999957958122975,0.0027719180481779342,-0.0008513683481946146,0.004952029594919098,-0.0027721553589087943,0.9999961190147932,-0.00027768690583100815,-0.0008260494156195717,0.0008505953187006345,0.0002800458637119862,0.9999995990308788,0.9999873974432149,0.0,0.0,0.0,1.0
0.9999992933925972,0.0011587161386613309,-0.0002656900759698726,-0.005990208956653393,-0.0011586887715733106,0.9999993234015631,0.00010313460260734028,-0.02071357984578818,0.0002658093999328686,-0.00010282667762387399,0.9999999593860178,0.9997675054764622,0.0,0.0,0.0,1.0
0.999999450418619,-0.0004428215720735314,-0.0009503007495313609,0.005227001751436337,0.00044215009911085064,0.9999996525506197,-0.000706683754928019,-0.008387642760918693,0.000950613354161271,0.0007062631909771954,0.999999298763032,0.9999511617582157,0.0,0.0,0.0,1.0
0.9999988987178554,-0.0008167913883359191,-0.001239118599695182,0.0038588039684122753,0.0008168255011491653,0.9999996660328445,2.7024079418687397e-05,-0.024532732366058196,0.0012390961128349188,-2.8036193328723202e-05,0.9999992319271027,0.999691579775777,0.0,0.0,0.0,1.0
0.9999958176101656,-0.0027637069528344735,-0.0008524588288005008,-0.03656439955849984,0.002763963545505681,0.9999961352537108,0.0002999719340203125,-0.003083823260149675,0.0008516264997436782,-0.0003023268445475633,0.9999995916653086,0.9993265405857219,0.0,0.0,0.0,1.0
0.9999990488945822,-0.0010044269832050856,-0.000945164729772705,-0.007368326218608262,0.0010055523959006877,0.9999987852094943,0.0011909844309327287,-0.0033143447548448883,0.0009439673246965583,-0.0011919337108395323,0.9999988441091915,0.9999673609111361,0.0,0.0,0.0,1.0
0.9999987264060909,-0.00020657123509358594,-0.0015825658031375523,0.010959795930354224,0.00020659830088475413,0.9999999785151058,1.693901570497952e-05,-0.024029916626662814,0.0015825622700229008,-1.726594953749966e-05,0.9999987475984901,0.9996511621461162,0.0,0.0,0.0,1.0
0.9999965071863737,4.432485482902986e-06,-0.0026430276967675114,7.312857881953223e-07,-4.012901692062462e-06,0.9999999873901397,0.0001587564714460336,-0.005762681354931686,0.0026430283671250595,-0.00015874531072895132,0.9999964945943445,0.9999833956136805,0.0,0.0,0.0,1.0
0.9999988919986806,0.00010462031722330945,-0.0014849430967259817,0.0005342395222743517,-0.00010350746624837324,0.9999997137826403,0.0007494803810235394,-0.017335417094674604,0.0014850210825846986,-0.0007493258479008107,0.9999986166106221,0.9998495876392042,0.0,0.0,0.0,1.0
0.9999992824741619,-0.0011072975010485704,-0.0004571032769179334,-0.01614175112264483,0.0011077556929026712,0.9999988830841922,0.0010033482410830227,-0.02439761631007818,0.00045599176137202727,-0.0010038538799119825,0.9999993921742659,0.999572008506181,0.0,0.0,0.0,1.0
0.999997625496217,-0.0020313571816662442,-0.0007890436795049737,0.006918090413107244,0.0020312992607422263,0.9999979341566327,-7.420094426260036e-05,-0.01032638738767109,0.0007891927780853359,7.259798422930633e-05,0.9999996859520964,0.9999227498904882,0.0,0.0,0.0,1.0
0.9999978599674421,-0.0017018936898593555,-0.001176273099456242,0.013012364568889963,0.0017004792365059279,0.9999978312481503,-0.0012024430805169777,-0.015185482477691952,0.0011783169787029316,0.0012004402792675402,0.9999985852551159,0.9998000197490725,0.0,0.0,0.0,1.0
0.9999989208164978,-0.0014623236081307528,-0.00014133472650409095,0.001173543749387097,0.0014623659149318497,0.9999988858325207,0.0002996992627488709,-0.005477890122111634,0.00014089631172627516,-0.0002999056224050039,0.9999999451024221,0.999984307634314,0.0,0.0,0.0,1.0
0.9999984684139425,-0.0017180363987957436,0.00033394715431209025,0.0048155911731771524,0.0017178822464921522,0.9999984180185584,0.00046134690613770964,-0.010562322305283908,-0.0003347392367911081,-0.0004607725176575591,0.9999998378191519,0.9999326214446511,0.0,0.0,0.0,1.0
0.999995850864325,-0.002853973378210457,0.0003912672889007235,-0.024519386916008527,0.0028537531999175874,0.9999957700371221,0.0005621392504556628,-0.006411914244693714,-0.0003928699643102676,-0.0005610203377859257,0.9999997654546583,0.9996787919231765,0.0,0.0,0.0,1.0
0.9999998417928023,-0.00010737719703672865,0.0005521634789741638,0.009095961428736588,0.00010783207491310272,0.9999996548246374,-0.0008238463747181762,-0.028843634450393726,-0.0005520748260664302,0.0008239057853133731,0.9999995081962008,0.9995425494882041,0.0,0.0,0.0,1.0
0.9999991831367896,-0.0012781661908789293,4.116033008151956e-06,0.010358820848720833,0.0012781649967322038,0.9999991444729949,0.0002781142192700495,-0.05367350991062832,-4.471505679028848e-06,-0.0002781087311194766,0.999999961317769,0.9985048067808677,0.0,0.0,0.0,1.0
0.999998994994351,-0.0013961065660204612,-0.000246772655346025,0.009153245339932206,0.001396347086422331,0.9999985476525416,0.0009771937486498378,-0.023358691297009137,0.00024540803033763943,-0.0009775373468428675,0.9999994920976882,0.9996852452850539,0.0,0.0,0.0,1.0
0.9999975466398724,0.0019665842678247888,0.0010194412951239455,-0.009630628592970876,-0.001966817920202298,0.9999980397638999,0.0002282446630452531,-0.04810828725461149,-0.001018990434414729,-0.0002302491584867672,0.9999994543217609,0.998795696671913,0.0,0.0,0.0,1.0
0.9999959543977909,0.002720284232198047,0.0008314094937169059,-0.019345750783474107,-0.0027216147309493312,0.9999950109913709,0.0016033732019947212,-0.01926239024159096,-0.0008270437149680669,-0.0016056294917100832,0.9999983689749842,0.9996272816649234,0.0,0.0,0.0,1.0
0.9999995213516942,0.00019358894165398023,0.0009590723135523005,-0.06597228166817638,-0.00019422271231332245,0.9999997628320398,0.0006607672836925413,0.03535615884799237,-0.0009589441688519773,-0.0006609532410435381,0.999999321783217,0.9971948656521503,0.0,0.0,0.0,1.0
0.9999907775673263,0.004138896409617572,0.001146436568014022,-0.026025312623551483,-0.004139433989382154,0.9999913234897345,0.00046693842934127094,-0.02113314243090631,-0.0011444940111568491,-0.00047167972152938054,0.9999992338255559,0.9994378787067466,0.0,0.0,0.0,1.0
0.9999852681853715,0.005331463704145866,0.0010192678754161258,-0.021810858314799116,-0.005331296454299337,0.9999857746376164,-0.00016673488741586126,-0.026783836901660397,-0.0010201423169617016,0.00016129841189823496,0.9999994666460954,0.9994032782317641,0.0,0.0,0.0,1.0
0.9999876575708702,0.004016938192502771,0.002923852506859226,-0.09297479772665676,-0.004016592682982511,0.9999919257670838,-0.000124031679361071,-0.05261118974082129,-0.0029243271265829013,0.0001122862239236605,0.9999957178421619,0.9942775013555032,0.0,0.0,0.0,1.0
0.9999807761832874,0.005634655610806566,0.0025880340060956894,-0.03794662342812104,-0.005632106672651512,0.9999836483861472,-0.0009911280232900027,-0.03513384455072259,-0.0025935763526393485,0.0009765328864326517,0.9999961598652392,0.9986619381640066,0.0,0.0,0.0,1.0
0.9999922713502059,0.0026168363322491436,0.0029341791810850865,-0.07439141460507427,-0.0026184352574362517,0.9999964254313943,0.000541221984465344,-0.046944509183844636,-0.0029327524033073565,-0.0005489007597694953,0.9999955488257419,0.996123551820026,0.0,0.0,0.0,1.0
0.9999986434337906,-0.0006092553929711727,0.0015303393232595427,-0.05458238005436556,0.0006102116538616656,0.9999996188335588,-0.0006244793625113394,-0.007640799506669806,-0.001529958272526187,0.0006254123462531968,0.9999986340426078,0.9984800358397256,0.0,0.0,0.0,1.0
0.9999987950412199,-0.0015240023407960901,0.00029552152767896994,-0.013237809324275865,0.0015241276316251503,0.9999987485419963,-0.0004242044361918093,-0.03235636413994917,-0.00029487466929245185,0.0004246543375690248,0.9999998663588023,0.9993887262241539,0.0,0.0,0.0,1.0
0.9999974471208752,-0.0022224507525845033,0.0004080004717215424,-0.08190723043372235,0.0022222667079299175,0.9999974290661262,0.00045098981900832877,-0.02192782589425745,-0.0004090017254423789,-0.000450081981820661,0.999999815071882,0.9963987033583637,0.0,0.0,0.0,1.0
0.999990883703175,-0.0038411821470590237,-0.0018648941672601144,0.021808646246068437,0.00384083293356483,0.9999926057711956,-0.00019080175915423686,0.0177107831573405,0.0018656132821168597,0.00018363727281351522,0.9999982428806731,0.9996052776515676,0.0,0.0,0.0,1.0
0.9999952028665274,0.002729280609566115,-0.0014646744644295218,0.07066279096627617,-0.0027303810679937786,0.9999959913563911,-0.0007498602352766642,-0.061753855155443696,0.0014626220140715601,0.0007538557575255331,0.9999986462182539,0.9955868778495911,0.0,0.0,0.0,1.0
0.9999961465918493,-0.0023854903155582185,-0.0014199427477507992,-0.02284003759424137,0.0023860569348524404,0.9999970743652766,0.0003974835726012725,0.011568377491416149,0.001418990400303969,-0.00040087010517519776,0.9999989128841102,0.9996721989356858,0.0,0.0,0.0,1.0
0.999996704642942,-0.0019521842556148446,-0.001667237202380128,-0.00026476957785438753,0.0019542363894097547,0.9999973338812546,0.0012301180905288627,-0.010733014484255197,0.0016648313401588855,-0.0012333722124612048,0.9999978535624935,0.9999423644876495,0.0,0.0,0.0,1.0
0.9999978168529431,-0.0019765896773678094,0.0006777776881961572,-0.044861049292439684,0.0019757526822769605,0.9999972876026078,0.0012333648145920265,-0.02440274622991915,-0.000680213705954516,-0.0012320230008897974,0.9999990097138294,0.9986951447928539,0.0,0.0,0.0,1.0
0.9999999790616038,-8.510595578830387e-05,0.00018610150013255097,-0.019846621845974792,8.521415055747124e-05,0.9999998273304486,-0.0005814444272345546,-0.0068041377752418395,-0.00018605198361477254,0.0005814602735412927,0.9999998136442875,0.9997798834295669,0.0,0.0,0.0,1.0
0.9999928398222717,-0.003652214338361065,-0.0009907747546013942,0.0050476572049639795,0.003651997264260581,0.9999933070557264,-0.00022081606460310974,0.013559654139918132,0.000991574590998471,0.00021719617682753115,0.999999484802693,0.9998953229895352,0.0,0.0,0.0,1.0
0.9999994250996925,-0.0008173406473545527,-0.0006940854058716146,-0.01896347120417279,0.0008177704168410565,0.9999994739644749,0.000619130292370075,-0.05298675279743049,0.0006935790004040689,-0.0006196975389435866,0.9999995674614718,0.9984151395025381,0.0,0.0,0.0,1.0
0.9999971834284438,-0.002142554549840127,-0.0010210755018131507,0.0053459636541507965,0.002141792395230989,0.9999974274047542,-0.000746933202966045,0.005043021042181013,0.00102267322013161,0.0007447441674304873,0.9999991997474847,0.9999729939410246,0.0,0.0,0.0,1.0
0.9999993924358345,0.001074234948040919,-0.0002472796757825276,-0.004061529443904255,-0.0010744523075338472,0.9999990350875197,-0.000880554523039933,-0.017914995236434163,0.00024633351473697315,0.0008808196782647999,0.9999995817381597,0.9998312642262469,0.0,0.0,0.0,1.0
0.9999995193174729,0.00042646274597999486,-0.0008828897718934567,0.02530740453867063,-0.00042784526092346084,0.9999986818233928,-0.0015663013469975739,-0.008746223320252119,0.0008822206389130956,0.0015666783343087952,0.9999983836015643,0.9996414551493693,0.0,0.0,0.0,1.0
0.9999993058687777,-0.00044968934872260344,-0.0010890553028270779,0.005503846807996792,0.0004488649222163388,0.9999996126319745,-0.0007571368322899109,-0.006939563310916643,0.0010893953573308801,0.0007566474680138005,0.9999991203507952,0.9999607742963559,0.0,0.0,0.0,1.0
0.99999834830147,0.0018123945570191874,0.0001364562248805292,0.008040741659618905,-0.001812430821204751,0.9999983221401956,0.0002661039489417101,-0.021918582309472377,-0.00013597371057744688,-0.0002663508268859298,0.9999999552841926,0.9997274239627051,0.0,0.0,0.0,1.0
0.9999997197632369,0.0006531586541878711,0.000365865030284738,0.0017690533435004083,-0.0006537538251587989,0.999998459482023,0.0016289995446691942,-0.022370585902330986,-0.00036480047151281293,-0.0016292382738266817,0.9999986062506604,0.9997481819621652,0.0,0.0,0.0,1.0
0.999999617223518,-0.0005008358635441324,0.0007174372833156344,-0.010364279474742862,0.0004983438581065096,0.9999938572328534,0.0034694596061729532,-0.044712976662903796,-0.0007191705060633213,-0.003469100747681683,0.9999937240471991,0.9989461103727828,0.0,0.0,0.0,1.0
0.9999991583239785,-0.0012025767943495123,0.0004869911586249491,-0.006416133557098909,0.0012031119549524663,0.9999986711339703,-0.0011001145019569267,-0.022865853164341747,-0.00048566753930776117,0.0011006994809018254,0.9999992762935851,0.9997179532194289,0.0,0.0,0.0,1.0
0.9999991928745745,-0.0012702819217224111,2.5180138664697427e-05,0.008626501019943032,0.001270335865418122,0.9999966108357019,-0.002272567688399136,-0.012512387516130475,-2.2293251674621734e-05,0.0022725978413852196,0.9999974173976961,0.9998845051498693,0.0,0.0,0.0,1.0
0.9999995161897165,-0.0009428880749098469,-0.00028032554436866267,0.0012991786503640064,0.0009425218719477409,0.999998706108302,-0.001303623505081578,-0.003939556138852941,0.0002815543527148821,0.0013033586614182883,0.999999110991278,0.999991395979117,0.0,0.0,0.0,1.0
0.9999980697961913,-0.0019530461149279456,-0.00021451052357302674,-0.0017534232302360625,0.0019532965779923955,0.9999974035666601,0.0011736662288622888,-0.015383508462703773,0.0002122177423422582,-0.001174082966118874,0.999999288246156,0.9998801294026968,0.0,0.0,0.0,1.0
0.9999972719709839,-0.0023139017444708345,0.00031923237075827567,0.002828510637492474,0.002313337595638437,0.9999957817587696,0.001756397971870988,-0.0023997691124630228,-0.0003232951564902239,-0.0017556546881213374,0.9999984065771594,0.999993120294225,0.0,0.0,0.0,1.0
0.9999985917177522,-0.0013124088766077856,0.0010460140789398994,-0.008365925860852044,0.0013118088234231056,0.9999989747618164,0.0005741366794801833,-0.02234579717842814,-0.001046766508600935,-0.0005727637004352103,0.9999992881105566,0.9997152977888012,0.0,0.0,0.0,1.0
0.9999993657360728,-0.000838044614531084,0.0007524683887897344,0.0023482545094630435,0.0008392697522963215,0.999998320467356,-0.001629321561230291,-0.013467521971259996,-0.0007511016808347834,0.0016299520517686697,0.9999983895499901,0.9999065514100366,0.0,0.0,0.0,1.0
0.9999971671415234,0.0023745012377747155,-0.00016568886481947514,0.001157260895084818,-0.0023748525012614336,0.9999948622240035,-0.0021530446335410666,-0.025607606604556472,0.00016057560639987371,0.002153432020885384,0.9999976684702849,0.9996714016271581,0.0,0.0,0.0,1.0
0.999997196897192,0.00024443518780157126,0.0023550900614243003,-0.031972043301505326,-0.00024270142021851873,0.9999996993785637,-0.000736436557459641,-0.041612035304558356,-0.0023552693644421432,0.0007358629094494154,0.9999969556013656,0.9986221642668156,0.0,0.0,0.0,1.0
0.9999967519393954,0.0025215324408367407,0.0003714630655487572,-0.00652922342240128,-0.0025217532093885706,0.9999966433283193,0.0005950570099296087,-0.024279802833383008,-0.00036996136311452047,-0.000595991815326085,0.9999997539611427,0.9996838802420855,0.0,0.0,0.0,1.0
0.9999989151287695,0.0014233074389217195,-0.0003793905880358772,0.01205258427102207,-0.0014228131646324364,0.9999981429130798,0.001299912724099489,-0.0041650681449879445,0.0003812400589247415,-0.0012993715119383785,0.9999990831444254,0.9999186904042436,0.0,0.0,0.0,1.0
0.9999998336083726,-0.0005747582692129129,-4.935745882427185e-05,0.010479854731219193,0.0005749264117593006,0.9999937899255873,0.0034770058788655134,-0.03381183471533195,4.7358714429825144e-05,-0.0034770336772275492,0.9999939539787027,0.9993732698436534,0.0,0.0,0.0,1.0
0.9999960349114484,-0.0028159861526906088,-1.957983382532176e-05,-0.006540305250709173,0.0028159954414269206,0.9999959141585639,0.000491768086845618,0.003665512960187347,1.8194941702336792e-05,-0.0004918212736643979,0.9999998788903821,0.9999718938160044,0.0,0.0,0.0,1.0
0.9999969452085922,0.0010069641015735232,0.0022573428587192162,-0.01735729584888711,-0.0010057695726150228,0.9999993536323457,-0.0005302475436114173,-0.025696803239588336,-0.002257875339887184,0.0005279755570535213,0.9999973116167667,0.9995190836517731,0.0,0.0,0.0,1.0
0.9999938800022853,0.0027040993254986018,0.0022198659447384174,-0.016339867358786245,-0.0027024769160431793,0.9999960792657044,-0.0007335337328352731,-0.017322359409761068,-0.002221840789306064,0.0007275301071381392,0.9999972670579907,0.9997164320942097,0.0,0.0,0.0,1.0
0.9999977319097147,0.001787727018619546,0.0011576733275493745,-0.004895698452489679,-0.0017869820817339327,0.9999981958538338,-0.0006441926089721297,-0.009077297730456365,-0.0011588228794697317,0.0006421224063923054,0.9999991224037896,0.9999468159870178,0.0,0.0,0.0,1.0
0.9999995370797764,0.0003322355606269716,0.0009030281088552704,-0.011446445644150698,-0.00033161528457655834,0.9999997090671737,-0.0006869475019156933,-0.01988510704796437,-0.0009032560745232208,0.0006866477259905024,0.999999356321475,0.9997367460485818,0.0,0.0,0.0,1.0
0.9999978806431632,0.0020496381287546457,0.00019414613586797927,0.0053104698276682065,-0.0020493619854347975,0.9999969031454815,-0.0014120251058382096,-0.007558467176602096,-0.00019703967512132124,0.001411624237542688,0.9999989842456734,0.9999573333318525,0.0,0.0,0.0,1.0
0.999998196965822,-0.001596626043896291,0.001028032286043811,-0.0031559576122920483,0.001596987804223904,0.9999986631534715,-0.00035117121530599954,-0.017463524430253733,-0.0010274702226141775,0.00035281233715548505,0.999999409914024,0.9998425202230715,0.0,0.0,0.0,1.0
0.9999970682539626,-0.00010745081455945183,0.002419077882946402,-0.013477280337808659,0.00010551521228929157,0.9999996742300312,0.0008002539410977439,-0.014720417083913135,-0.0024191630828212865,-0.0007999963454400818,0.999996753822644,0.9998008162807087,0.0,0.0,0.0,1.0
0.9999979369796712,-0.0017543882095615577,0.0010237960793458966,-0.005413440509226564,0.0017537245976967473,0.999998251800981,0.0006487256870640924,-0.01571753159879854,-0.0010249324062431226,-0.0006469288923622793,0.9999992654980155,0.9998618173839291,0.0,0.0,0.0,1.0
0.9999996264715277,-0.0008628692571271876,-5.013432091360501e-05,-0.002081061860506453,0.0008628686540807413,0.9999996276561848,-1.204899778747999e-05,-0.010049676832404595,5.014469895616878e-05,1.2005733952831499e-05,0.9999999986706857,0.9999473352017578,0.0,0.0,0.0,1.0
0.9999963718824217,-0.0026160365195794636,-0.0006423199524636727,0.007966300205845848,0.0026160582550191643,0.9999965775692098,3.3001118031057534e-05,-0.0077621057245680575,0.0006422314220381337,-3.4681344713126915e-05,0.9999997931679812,0.9999381419746679,0.0,0.0,0.0,1.0
0.9999987611157813,-0.0015728751696548716,6.189186737085278e-05,-0.007557027625526775,0.0015728281510640023,0.9999984799442455,0.0007525428926111466,-0.01799186141696433,-6.307542932161656e-05,-0.0007524446150262952,0.9999997149242551,0.9998095739970786,0.0,0.0,0.0,1.0
0.999995858862767,-0.002577581931064276,-0.0012799721500115803,-0.011428041866367453,0.0025770546858013294,0.99999659393986,-0.0004133979016161162,-0.0124211931536745,0.0012810333573109942,0.00041009763145179005,0.9999990953863259,0.9998575467634074,0.0,0.0,0.0,1.0
0.9999972858491168,-0.0018793898745569071,-0.0013770214592236745,-0.0013404232492651266,0.001879597153727604,0.999998222418128,0.00014924853092262297,-0.022315551169368397,0.0013767385152774908,-0.00015183637145497336,0.9999990407679283,0.9997500784903796,0.0,0.0,0.0,1.0
0.99999688074066,-0.0016745975654667922,-0.0018531680830144205,0.016792996489277703,0.001676115357829461,0.9999982609383614,0.0008177759840036127,-0.01299031971074882,0.0018517954145689866,-0.0008208795566328111,0.9999979485031436,0.9997745980283372,0.0,0.0,0.0,1.0
0.9999985311212644,-0.001452492627580392,-0.0009099563067649363,-0.02114090660197753,0.0014524350385055585,0.9999989431711658,-6.39453669187811e-05,-0.009156082129588676,0.0009100482252708784,6.262362056734354e-05,0.9999995839451685,0.9997345788898586,0.0,0.0,0.0,1.0
0.9999974172177262,-0.0020343007678470743,-0.001013498032372634,-0.058020036829576384,0.002034142628107795,0.9999979187989436,-0.0001570399653087213,0.010560641046707642,0.0010138153896013732,0.0001549779601574125,0.9999994740799555,0.9982595595269685,0.0,0.0,0.0,1.0
0.9999992365720328,3.7966525492477476e-05,-0.001235076473172502,-0.005030095451313895,-3.8667117214625295e-05,0.9999998383793554,-0.000567226689437466,-0.02011598166476285,0.0012350547379320872,0.0005672740132474964,0.9999990764195676,0.9997849995981204,0.0,0.0,0.0,1.0
0.9999965575904288,7.491260592230642e-05,-0.0026228220287055418,0.027528150015895706,-7.707790022514906e-05,0.9999996563310258,-0.0008254676416301343,-0.007914883531943338,0.0026227592893908643,0.0008256669616470468,0.999996219696744,0.9995896936120232,0.0,0.0,0.0,1.0
0.9999961240992296,-0.0027421699960673215,-0.00048196496843476433,-0.027215580331364817,0.002741054011326544,0.9999935957712207,-0.0023010952721657686,-0.019775554761408437,0.0004882718762342607,0.0022997652613387758,0.99999723633134,0.9994339596096912,0.0,0.0,0.0,1.0
0.9999824412364484,-0.005738635376487502,-0.0014782702084483092,0.00046837070027630875,0.005738228000878125,0.99998349712588,-0.0002796699942963256,-0.01440615141938368,0.0014798507368641541,0.00027118243213403517,0.9999988682503022,0.9998961163191749,0.0,0.0,0.0,1.0
0.9999748960797082,-0.00700800191752315,-0.0010464795744980493,0.011184374107997063,0.007010311021878176,0.9999729644803304,0.00221942510507879,-0.0106915486584359,0.0010308975469867452,-0.002226705536103128,0.99999698951182,0.9998802931166794,0.0,0.0,0.0,1.0
0.9999830550042179,-0.0056008181022538924,-0.001587621181716601,0.02533814984009981,0.005602187888343176,0.999983938107508,0.0008596614818567778,-0.017044381850453448,0.0015827808739264683,-0.0008685410670520657,0.9999983702192319,0.9995336248521189,0.0,0.0,0.0,1.0
0.9999960242822898,-0.002548808809625554,-0.001206231016658582,0.007393711930758713,0.002544527930244327,0.9999905064057971,-0.003537297823095139,-0.019911338428986385,0.0012152354610445457,0.0035342144712851888,0.999993016241036,0.9997744103675845,0.0,0.0,0.0,1.0
0.9999985550632111,-0.001233850542207625,0.0011693948560437817,-0.037671211463811916,0.0012358052315832018,0.9999978381079604,-0.0016722932860942091,-0.047753046553845484,-0.001167328967960575,0.001673736014016998,0.9999979179732507,0.9981485492508994,0.0,0.0,0.0,1.0
0.9999920694252943,0.003971265208363296,-0.0003002318457520428,0.02883296370364874,-0.003972022289990415,0.9999888229238172,-0.002564579179343083,-0.015756985004047968,0.00029004386596882467,0.002565751368339843,0.9999966663916793,0.9994600430370623,0.0,0.0,0.0,1.0
0.9999978842482685,-0.002030386351828887,0.0003301972872955909,-0.016618244206882054,0.0020300709909675508,0.999997485664977,0.0009526150827104812,-0.03728528954802327,-0.0003321306337314596,-0.0009519427432792549,0.9999994917469986,0.999166473187927,0.0,0.0,0.0,1.0
0.9999947940143424,-0.0032226129766944386,-0.0001634313782049035,0.03740183324151265,0.0032231541377180503,0.999988934192787,0.0034267724433149887,-0.01465415912631131,0.0001523864083608148,-0.003427281368109717,0.9999941152430881,0.9991928535025033,0.0,0.0,0.0,1.0
0.999988860664637,-0.004580766798596326,-0.0011380343485226409,0.020342836137446026,0.004583446547131065,0.9999867031501368,0.0023633748474717435,-0.012537519477934508,0.0011271931472168345,-0.002368564640651981,0.999996559662658,0.999714449041938,0.0,0.0,0.0,1.0
0.9999916112060206,-0.004087531472759314,-0.0002638257864940054,0.003597021685539034,0.004087949275663238,0.999990359464987,0.001603012104116154,-0.017375488730744123,0.00025727088064549965,-0.0016040771632106592,0.9999986803732035,0.9998425645202156,0.0,0.0,0.0,1.0
0.9999921239837061,-0.0037740433498915,-0.0012282374971830518,-0.0009880758912653165,0.0037756871242551576,0.9999919759165609,0.0013387640687121047,-0.033075452866012045,0.001223175088072295,-0.0013433909650881273,0.9999983495703474,0.9994523691120759,0.0,0.0,0.0,1.0
0.9999962039863575,0.002293229553707132,0.00152745248320231,-0.02105920997660098,-0.0022941447681947367,0.9999971898264647,0.0005976947014761542,-0.018837495443254634,-0.0015260775396422586,-0.0006011966297419062,0.9999986548240729,0.9996007495198204,0.0,0.0,0.0,1.0
0.9999962498595367,0.002738583540222271,2.0665323510649265e-05,0.003525125309700756,-0.0027385982172749897,0.9999959708825764,0.0007471936949209716,-0.029736622927034884,-1.8618987893371033e-05,-0.000747247486857814,0.9999997206372243,0.9995515528217873,0.0,0.0,0.0,1.0
0.999995205115703,0.0021323766923478362,0.0022455990837882134,-0.08134142250910997,-0.0021282238611820786,0.999996023909808,-0.00185008858474274,-0.008633694332073318,-0.002249535240860648,0.001845300576229266,0.9999957672195333,0.9966489012216763,0.0,0.0,0.0,1.0
0.9999974919529969,0.002228053755586211,-0.00022773708204804717,0.002056062864960051,-0.002228216428985652,0.9999972607905445,-0.0007165632925956746,-0.004366484665347765,0.00022613991669328962,0.0007170689429289688,0.9999997173363948,0.9999883531407567,0.0,0.0,0.0,1.0
0.9999970521251655,0.0024281027853613525,7.605441355879733e-06,-0.0061071879545376035,-0.0024281089452316174,0.9999965954256325,0.0009557322292022014,-0.01398443195729449,-5.2847993748054295e-06,-0.0009557478786634092,0.9999995432589274,0.999883562180177,0.0,0.0,0.0,1.0
0.9999918251834472,0.003998452542363607,-0.0006016174405438154,0.0457736201062924,-0.003998821202352617,0.9999918168998125,-0.0006128314643199378,-0.038834783118042886,0.0005991621399214844,0.0006152322151120534,0.9999996312469579,0.9981966917008589,0.0,0.0,0.0,1.0
0.9999994938227823,0.0008875740982470469,-0.0004738843727167888,-0.03416205815329865,-0.0008887190913043409,0.999996673329865,-0.002421468062973135,-0.016510072411880416,0.0004717335639273651,0.002421887987370275,0.9999969559583775,0.9992799263928427,0.0,0.0,0.0,1.0
0.9999930846585455,0.0036634795824672856,-0.0006399628402871064,-0.010439428347467973,-0.003665323662019209,0.9999890644788435,-0.0029045352775494138,-0.014554516803088268,0.0006293151362740806,0.002906860862637495,0.9999955770514111,0.9998395793208062,0.0,0.0,0.0,1.0
0.9999836309343113,0.0056814257608876675,-0.0006776907516554266,-0.0008667955975240903,-0.0056821579855853965,0.9999832694324117,-0.0010834832216157428,-0.027760918510780174,0.0006715236840177462,0.001087316231923964,0.9999991833993433,0.9996142156196208,0.0,0.0,0.0,1.0
0.999987136176338,0.005039524884974401,0.0005750398069243705,-0.011167480189783242,-0.0050403201320345994,0.9999863314749485,0.0013899770648774408,-0.02337979754039475,-0.0005680271229703722,-0.0013928575691731504,0.9999988686458499,0.9996642798725885,0.0,0.0,0.0,1.0
0.9999939293076282,0.0032907528180928726,0.001145553918608301,-0.020798953696270467,-0.0032931705209876577,0.999992340744273,0.0021150604505063564,-0.02725044710900105,-0.00113858500337995,-0.0021188201150199697,0.9999971071085706,0.9994122355952522,0.0,0.0,0.0,1.0
0.9999982838513901,0.0018478464505180241,-0.0001332582836123669,0.011925616094719215,-0.0018475650733598618,0.9999961267122071,0.0020816012784743987,-0.0284827548769492,0.00013710424699849878,-0.0020813515027867345,0.9999978245868076,0.9995231424811439,0.0,0.0,0.0,1.0
0.9999958551159162,-0.002645967949896239,-0.0011351672104839468,-0.00018598544097039898,0.002646634112115036,0.999996326111321,0.0005857403321495071,-0.01655352997991938,0.0011336131898601542,-0.0005887422765859483,0.999999184151501,0.9998629636378276,0.0,0.0,0.0,1.0
0.9999927289862234,-0.003460533375105559,-0.0016020872153130403,-0.04507829036445651,0.003460111886868647,0.9999939784741819,-0.00026578394913969773,0.00577480376909853,0.0016029973225297062,0.00026023861560325965,0.9999986813368541,0.9989667659032738,0.0,0.0,0.0,1.0
0.9999950917930922,-0.0017185467357094134,-0.002619730299545156,0.00033828382286495997,0.0017084582163679994,0.9999911356003625,-0.003848362147745168,-0.018685310238533863,0.0026263206674156606,0.00384386755943256,0.999989163502254,0.9998253571226052,0.0,0.0,0.0,1.0
0.999992878592369,0.003773930309618458,-1.4648081256694867e-05,-0.017205207851986166,-0.0037739569843479818,0.9999811411721002,-0.004845054057894212,-0.0178613980040524,-3.637091349737581e-06,0.004845074835517861,0.9999882625494211,0.999692428341893,0.0,0.0,0.0,1.0
0.9999748833164143,0.006888722956999552,-0.0016668030313815863,0.04480252036413311,-0.006891141033614757,0.9999752054588296,-0.0014493594537726608,-0.011321728842845007,0.001656777468023056,0.0014608092254343678,0.9999975605594387,0.9989317056861446,0.0,0.0,0.0,1.0
0.9999943608571695,0.0033443005047992316,0.0003064441132885308,-0.02895801551231267,-0.0033446443105538317,0.9999937700583973,0.0011283611251045704,-0.021269921788785083,-0.00030266862547931317,-0.0011293797086750386,0.9999993164463548,0.9993543034203073,0.0,0.0,0.0,1.0
0.9999977792957823,0.0020968046720407723,0.00021169239778066548,-0.005904523712872268,-0.0020974489372143582,0.9999930247680299,0.0030904891590850135,0.0026625377535643407,-0.00020521076906942787,-0.0030909263100174353,0.9999952020200328,0.9999790235262112,0.0,0.0,0.0,1.0
0.9999956283725,0.0017504092013345299,0.0023831289341962464,-0.015902937894192382,-0.0017534201583364172,0.9999976665042846,0.0012619444258099768,0.0036332102148749195,-0.0023809144540405634,-0.0012661175353721708,0.9999963640897649,0.9998669393223621,0.0,0.0,0.0,1.0
0.999997220193859,0.0014721416665812279,0.0018418478407037989,-0.03259901789651185,-0.0014745943898123958,0.9999980269821231,0.0013310158701598795,-0.03868182686785577,-0.0018398847627837459,-0.0013337281486865901,0.9999974179933091,0.9987196905550366,0.0,0.0,0.0,1.0
0.9999977368899099,-0.002127286348308678,-2.945929381411444e-05,-0.00942270530400624,0.0021273021854654123,0.9999975869054054,0.0005484239038137774,-0.006142543169429534,2.8292568042374497e-05,-0.0005484853314902203,0.9999998491816745,0.999936738893099,0.0,0.0,0.0,1.0
0.9999962482094876,-0.0024126958986607347,-0.001297098858527225,0.03538787689894609,0.002413239212994756,0.9999970009943779,0.00041746706587639064,-0.01312304266474717,0.001296087747442852,-0.00042059570945585274,0.999999071627469,0.9992874881233149,0.0,0.0,0.0,1.0
0.99999380658117,-0.0034778367148114568,-0.0005398620993104543,0.016858747196422996,0.0034775461298026575,0.999993808451845,-0.0005382665607328255,0.009046474289761698,0.0005417307599355457,0.0005363858316684705,0.9999997094089694,0.9998169552202502,0.0,0.0,0.0,1.0
0.9999974737829112,-0.0020584845657001254,0.0009028117681299742,0.0028362214117055146,0.002057569795123376,0.9999973701079824,0.0010130072346135298,-0.024963066060382896,-0.000904894653589906,-0.0010111470773125596,0.9999990793732032,0.9996843507732672,0.0,0.0,0.0,1.0
0.9999945445698741,-0.003291944426820666,-0.0002719050953750962,8.76609527626396e-05,0.0032921420061254817,0.9999943148537519,0.0007294252442016803,-0.010446114673348923,0.0002695023221874187,-0.0007303164150592265,0.9999996970031703,0.9999454340131708,0.0,0.0,0.0,1.0
0.9999967424789836,-0.0025477479403934597,0.0001549575847248335,-0.003938636802879695,0.002547767405105495,0.9999967465544655,-0.00012554574424432016,-0.017145536220806317,-0.00015463722166746997,0.0001259401311599212,0.9999999801132062,0.9998452468896554,0.0,0.0,0.0,1.0
0.9999918401388941,0.0030423959721251333,0.002657721275343073,-0.028851705629345567,-0.003029534261775643,0.9999837460406127,-0.004830070055437952,-0.021977801540367974,-0.0026723730625311456,0.004821978985075269,0.9999848033549722,0.9993420612191453,0.0,0.0,0.0,1.0
0.9999736469695165,0.007214523571460909,0.0008099482214529354,-0.014937438193432333,-0.00721092998316683,0.9999645160232867,-0.0043553625671647785,-0.031081217168651896,-0.000841341347172021,0.004349407310247619,0.9999901873522493,0.9994052385691863,0.0,0.0,0.0,1.0
0.999986098907162,0.0051815636795227715,0.0009764170574993319,-0.03045401830113233,-0.005182356968263077,0.9999862420832374,0.0008116775827252513,0.002408967337448569,-0.0009721978649526071,-0.0008167264412616783,0.9999991938942908,0.9995332659024818,0.0,0.0,0.0,1.0
0.999970958810737,0.0075818269699814735,0.0007729391518432379,-0.005179643658171665,-0.007584612993002575,0.999964510547805,0.003667600119290907,-0.01651646444499151,-0.0007451046111566087,-0.0036733560521555707,0.9999929756125452,0.9998501776235336,0.0,0.0,0.0,1.0
