0.999996912731458,0.0006073887973313017,0.0024094826004043106,-0.003864281885097443,-0.0006038976389314032,0.9999987672909395,-0.001449387540641365,0.0012844380138237474,-0.0024103599719684566,0.0014479279851393754,0.9999960468268639,0.999991708737878,0.0,0.0,0.0,1.0
0.9999974982024756,0.001163114544023345,0.0019106944671978543,-0.017723832563936275,-0.0011608357395874198,0.99999861420615,-0.0011933340543611773,-0.0008415867088257355,-0.00191207980356373,0.0011911130664560286,0.9999974625970247,0.999842566352852,0.0,0.0,0.0,1.0
0.9999983415600973,0.0016574607666844244,0.0007547853084910877,-0.004922010267286157,-0.001656981519868696,0.9999984255111919,-0.0006351278453512101,-0.012200440072614251,-0.000755836819575609,0.0006338761267221729,0.9999995134557608,0.999913457793705,0.0,0.0,0.0,1.0
0.9999916917878215,0.0029433715110912233,0.00282009210463309,-0.04018861000599018,-0.002945908053383879,0.9999952596423165,0.0008957224102481565,-0.046640336780688914,-0.0028174422925636156,-0.0009040227004386558,0.9999956223713609,0.9981029779590733,0.0,0.0,0.0,1.0
0.999998412730447,-0.0010164074806290617,0.001463370226344074,0.0321856751095982,0.0010158370588724784,0.999999407795925,0.0003904905490709539,-0.005657494271762889,-0.0014637662572454524,-0.0003890033835504299,0.9999988530316979,0.9994658949040253,0.0,0.0,0.0,1.0
0.9999985092752461,-0.0004745144219259935,0.001660205815168651,0.010404402295318492,0.0004722820628393951,0.9999989842823265,0.0013447616771776229,-0.01806803134686845,-0.0016608422376781368,-0.0013439755870809783,0.999997717663737,0.9997826237018353,0.0,0.0,0.0,1.0
0.9999994170514054,-0.0004363224271494179,0.0009876839520297914,0.025881630720938548,0.00043485839390835395,0.9999988072583108,0.0014820189379464665,-0.003710604716823352,-0.0009883294120780865,-0.001481588571348542,0.9999984140488815,0.9996581278636513,0.0,0.0,0.0,1.0
0.9999943872697531,0.0024361976984375493,0.0023000803823453597,-0.10505365219995096,-0.0024424498406626065,0.9999933197835995,0.002719343110229852,-0.05238088981654365,-0.0022934401598842663,-0.0027249456782540288,0.9999936573815273,0.9930860851615426,0.0,0.0,0.0,1.0
0.9999995068984787,-0.0007690792758411727,0.0006282673530372471,-0.043920653382849985,0.0007691401411650972,0.9999996995418196,-9.664219432213659e-05,-0.0004792161284352375,-0.0006281928387603733,9.712537230834056e-05,0.9999997979701893,0.9990349075774709,0.0,0.0,0.0,1.0
0.9999944150103649,-0.002457739634448217,0.0022648319953826393,-0.05576653786154104,0.0024570814567200137,0.9999969383452061,0.0002933443866326656,-0.001480828399501048,-0.002265546025374529,-0.0002877778716088308,0.9999973922391516,0.9984427376681092,0.0,0.0,0.0,1.0
0.999999140624638,-0.0010526497393539434,0.0007814592193489435,-0.025968233959508036,0.0010528705313025504,0.9999994059187487,-0.0002821804281123604,0.0009494807395267891,-0.0007811617179445882,0.00028300296099691754,0.9999996548477877,0.999662317640987,0.0,0.0,0.0,1.0
0.9999956148930578,0.0028405098065951992,0.0008376745753207104,-0.006904476872337348,-0.0028399383610523327,0.9999957344061055,-0.0006825831077769476,-0.02927266965670139,-0.000839609886152606,0.0006802011704164883,0.999999416190633,0.9995476171800366,0.0,0.0,0.0,1.0
0.9999981734834126,0.0015594706048346922,0.0011050254617267843,-0.021992764104269036,-0.001558845407401458,0.9999986245882266,-0.0005664120853501459,-0.018640051367613233,-0.0011059072448590702,0.0005646884869230061,0.999999229047742,0.9995843470223343,0.0,0.0,0.0,1.0
0.9999988027464191,0.001308011891850036,0.0008268074853537751,0.012928776601465197,-0.0013078284535053262,0.9999991200688474,-0.00022236516849492502,-0.021662101651619088,-0.0008270976141047243,0.00022128357991241937,0.9999996334714898,0.9996817494020906,0.0,0.0,0.0,1.0
0.9999996462934414,0.0004110594536312664,0.0007337868339797604,-0.009510758457359873,-0.00041037227261578053,0.9999994773831697,-0.0009363909359334822,-0.009637043754070665,-0.0007341713628368982,0.0009360894789551873,0.9999992923641983,0.9999083322291338,0.0,0.0,0.0,1.0
0.999999454738786,0.0003386894469948336,0.000987831761266167,-0.000686127428079936,-0.0003382706871051316,0.9999998528753496,-0.0004240545025684852,-0.00565281106547747,-0.000987975238716737,0.00042372011681939166,0.9999994221829281,0.99998378734668,0.0,0.0,0.0,1.0
0.9999946453778696,0.0019499461623201256,0.0026281030329506046,-0.0033139141484631127,-0.0019491109967417982,0.999998049183149,-0.0003203064467755621,-0.015315685545577846,-0.002628722486329596,0.00031518226713349133,0.9999964952329726,0.9998772163367289,0.0,0.0,0.0,1.0
0.9999935464971224,-0.0012053705799627264,0.0033843826428070654,-0.006187592252581307,0.0012054580879261706,0.9999992731515185,-2.381664994420573e-05,0.0012251321412724793,-0.0033843514749845247,2.789622767280478e-05,0.9999942726770461,0.9999801061787941,0.0,0.0,0.0,1.0
0.9999926102809618,-0.0017458258950494468,0.003425124145562916,-0.0031884786460241246,0.001748074582615426,0.9999982584911935,-0.0006536435066152636,0.0002899969132711036,-0.0034239770329190563,0.0006596260488345493,0.9999939206188972,0.9999948747397228,0.0,0.0,0.0,1.0
0.9999822520850076,0.0008006270008529584,0.005903770947570067,-0.05845874807226814,-0.0007938587216593523,0.9999990251521742,-0.0011486875255608195,-0.015006967051210397,-0.005904684862540338,0.0011439803786948734,0.999981912839211,0.9981770212310777,0.0,0.0,0.0,1.0
0.9999876384449589,0.00015069920889660668,0.004969934307731554,0.02358086868748522,-0.00015110292423855252,0.9999999853150954,8.08561367062477e-05,-0.01064608002786451,-0.0049699220497927375,-8.160610880592403e-05,0.999987646531327,0.9996652457757966,0.0,0.0,0.0,1.0
0.9999738896120419,0.0012629823031126627,0.007115122617767061,0.011090629551081088,-0.0012655400539959747,0.999999136194826,0.0003549901031580753,-0.025542420138808315,-0.00711466812546927,-0.0003639853068906386,0.9999746241841143,0.9996122161666559,0.0,0.0,0.0,1.0
0.9999803019702639,0.0003666229122411625,0.006265880552719413,-0.015698592141685525,-0.0003634650915121077,0.9999998063824898,-0.000505102078493665,-0.0156341519171464,-0.006266064521530196,0.0005028147001293944,0.9999802416111979,0.9997545336224292,0.0,0.0,0.0,1.0
0.9999744913400158,-0.004180307829764363,0.005791519293319367,0.035562663448185906,0.004186199968297976,0.9999907321811587,-0.0010056249876104865,0.009302667586114907,-0.005787261796558221,0.0010298437933466981,0.9999827233620887,0.9993241502857085,0.0,0.0,0.0,1.0
0.9999795406782203,-0.0007177367284743458,0.006356341633707125,-0.008266508608453602,0.0007194200226547972,0.9999997067540822,-0.0002625387218495867,-0.02081681571624568,-0.006356151336052565,0.0002671062299275141,0.9999797637924754,0.9997491310418141,0.0,0.0,0.0,1.0
0.9999683265947936,0.0037408510595941078,0.007025086515982326,-0.010979740564434836,-0.0037278579719746915,0.999991318514647,-0.0018617116531063696,-0.009907132931968798,-0.007031989913806821,0.001835464161586406,0.9999735907458576,0.9998906410274107,0.0,0.0,0.0,1.0
0.9999644387936182,0.005175015549456537,0.00665885592480093,0.00810168061412353,-0.005154906312973751,0.9999821120937507,-0.0030335512894570787,-0.031036900931383067,-0.006674435486903366,0.0029991176342697157,0.99997322824381,0.9994854043715707,0.0,0.0,0.0,1.0
0.9999776007974799,-0.0016093155258243403,0.006496768954957417,-0.013174205379066177,0.0016109615188788272,0.9999986716162351,-0.0002481305093379165,-0.013876728821845945,-0.00649636100447391,0.00025859099619586663,0.9999788649888539,0.9998169215960666,0.0,0.0,0.0,1.0
0.9999423771468616,-0.009274024004642556,0.005406927468060728,-0.03273038371740531,0.009256822929132779,0.9999520418321086,0.0031976968360998836,0.010710738793508402,-0.005436323678942999,-0.0031474616055222147,0.9999802697405081,0.9994068250998732,0.0,0.0,0.0,1.0
0.9999685149223836,-0.006898938454519913,0.0039209453099354995,-0.02409053151695631,0.006888968814038673,0.9999730181502013,0.0025505058824322677,0.02450469332013719,-0.003938435298688873,-0.0025234143095949173,0.9999890604939738,0.9994094087492457,0.0,0.0,0.0,1.0
0.9999895200712485,8.972956922322377e-05,0.004577302292664509,-0.044563021234757264,-0.0001072967082978954,0.9999926299416251,0.003837779286083766,-0.0034939624833568647,-0.004576924195397299,-0.0038382301958991725,0.9999821597177988,0.9990004651473371,0.0,0.0,0.0,1.0
0.9999812249512379,-0.005400330732048299,0.0028958889839030555,-0.11162419937920827,0.00540005029283336,0.9999854141461525,0.0001046507620446821,0.0390793636199892,-0.0028964118936158217,-8.901085106584328e-05,0.9999958014287914,0.9929817931120426,0.0,0.0,0.0,1.0
0.9999958748184037,-0.00286927041750108,-0.0001327909880917827,0.0574524426703023,0.002868976327333373,0.9999935424161731,-0.0021642783523351653,7.284413732486434e-05,0.00013900003043451625,0.002163888450092674,0.9999976491301205,0.9983482416095836,0.0,0.0,0.0,1.0
0.9999817315417683,-0.005887592163647335,-0.0013685178994754105,-0.03380287522640706,0.005884880411307286,0.9999807292913727,-0.001977176886048957,-0.02038972844398236,0.001380132338306174,0.0019690872018964245,0.9999971089609809,0.9992205084967024,0.0,0.0,0.0,1.0
0.9999814623342593,-0.003629340260594345,-0.004889056873190592,0.01400544355349981,0.003628402114477251,0.999993397178357,-0.00020074308028722107,-0.005621609116222162,0.004889753156563367,0.00018299989468261758,0.9999880283408928,0.9998861160461294,0.0,0.0,0.0,1.0
0.999939408679913,-0.0015509874956008622,-0.010898321276881909,0.07071414183690218,0.0015515390968692297,0.9999987954738095,4.215875634224777e-05,-0.0017502285989023632,0.010898242761864588,-5.9065373438868226e-05,0.9999406106444447,0.9974950861253011,0.0,0.0,0.0,1.0
0.9999525597187586,-6.8511308693033864e-06,-0.0097405474674356,0.0036810034646340287,2.3157241969544684e-05,0.9999985987053419,0.0016739328224849477,0.009767210155379014,0.009740522349725637,-0.0016740789748556778,0.9999511586492316,0.999945524425843,0.0,0.0,0.0,1.0
0.9999578273090763,-0.0016809735605200922,-0.00902872810532454,-0.06099234358815294,0.0016909455014096578,0.9999979687023187,0.0010969478324836662,0.038558707161564176,0.009026865824986414,-0.0011121686584149165,0.999958638531741,0.9973931823136017,0.0,0.0,0.0,1.0
0.999958431423552,0.0017174803221757806,-0.008954646072940737,-0.0298966045346485,-0.001688901549411437,0.9999934599011941,0.0031980879281203814,-0.021741343370348474,0.008960080161755774,-0.00318283147253081,0.9999547922517859,0.9993165199403796,0.0,0.0,0.0,1.0
0.9999739078767461,-3.4151396060134456e-05,-0.007223738602087807,-0.023062449258212776,4.635546024592747e-05,0.9999985720943126,0.0016892781024518229,-0.003856268922458685,0.007223670596064841,-0.0016895688853269608,0.9999724815914193,0.9997265889352999,0.0,0.0,0.0,1.0
0.999977148975932,0.00036849453739318754,-0.006750239828499406,-0.04592940963923989,-0.0003597312139360586,0.9999990910863128,0.0012993921663424146,-0.004665227473696642,0.006750712512029335,-0.0012969342019328563,0.9999763726420018,0.9989337940938876,0.0,0.0,0.0,1.0
0.9999800461906381,0.0012422296654303396,-0.006193874879807947,-0.00022587063240215208,-0.0012403615004786053,0.9999991841023649,0.00030544713806198755,-0.011338846794248333,0.006194249261736211,-0.0002977583992883146,0.9999807711231347,0.999935687699881,0.0,0.0,0.0,1.0
0.9999861372945448,0.001467414719632478,-0.005056867882017485,-0.012546853276097482,-0.001466305619873736,0.9999989001030245,0.00022302594080672589,-0.019287432235388334,0.005057189591532192,-0.00021560793526944136,0.9999871890912672,0.9997352506692126,0.0,0.0,0.0,1.0
0.9999813411475661,0.0005319538198272807,-0.006085588044604108,0.018320999895038013,-0.0005279123813419734,0.9999996390846153,0.0006656869811556276,-0.04240329127957272,0.006085939962954201,-0.0006624619029239817,0.9999812610639234,0.9989325812343423,0.0,0.0,0.0,1.0
0.9999852732664294,0.0010704509253975265,-0.00532046850202908,0.027055428922782846,-0.0010733441701415308,0.99999927764189,-0.0005409694913279285,-0.016524677356297358,0.005319885577452912,0.0005466722184633357,0.9999856998812174,0.9994973430700426,0.0,0.0,0.0,1.0
0.9999904115452601,0.0008424950754877463,-0.004297327028415534,-0.0351380870377957,-0.0008408948420522624,0.9999995764454975,0.0003741720060398551,-0.012021677230591069,0.004297640446335776,-0.0003705548181757029,0.9999906964445825,0.9993101591177226,0.0,0.0,0.0,1.0
0.9999902477088032,0.0013577158588607518,-0.004202510551204179,0.0017850563362429288,-0.0013528165961749039,0.9999984023427055,0.0011684174311484448,-0.0240479189121552,0.004204090215908559,-0.0011627208103821146,0.9999904868076364,0.9997092133064849,0.0,0.0,0.0,1.0
0.9999942918769744,0.0019267705754925364,-0.0027755663595953398,-0.033173634777890995,-0.001924473360345996,0.9999978036744512,0.0008300894891563326,-0.01951875710302218,0.00277715965555074,-0.0008247432473844629,0.9999958035826066,0.9992589894901002,0.0,0.0,0.0,1.0
0.9999914306718835,0.003974227131337053,-0.001159353918388336,-0.02873739530303719,-0.00397269928102608,0.9999912413025208,0.0013171858888254909,-0.04875155263386476,0.0011645785598544643,-0.0013125688369494057,0.999998460458728,0.9983974400142382,0.0,0.0,0.0,1.0
0.9999992226773489,0.0006606277362153184,-0.0010574571822292139,0.010433527927491278,-0.0006611889155996404,0.999999640738683,-0.000530425982762742,-0.009078872043673336,0.001057106388209543,0.0005311247494182211,0.9999993002160474,0.9999043532145466,0.0,0.0,0.0,1.0
0.9999963899322832,0.00265641578876054,-0.00040444722521121995,-0.04105280252097927,-0.0026568435567470524,0.9999959079101329,-0.0010608229372288305,-0.016635764993660842,0.00040162758337729254,0.0010618936605905314,0.9999993555383614,0.9990184776710836,0.0,0.0,0.0,1.0
0.9999965525002643,0.002620972619125177,-0.00015965624428399688,-0.026722582821813324,-0.002621010535398024,0.9999965368851508,-0.00023774246133368218,-0.016966146373541244,0.0001590325748944306,0.00023816010241484165,0.9999999589942021,0.9994989011722639,0.0,0.0,0.0,1.0
0.9999991759275771,0.0011584349278479674,-0.0005533287306943527,-0.01051498065324935,-0.0011579650870965586,0.9999989694257772,0.000848683828557021,-0.01905441169076797,0.0005543113054377116,-0.000848042393828255,0.9999994867814057,0.9997631542405333,0.0,0.0,0.0,1.0
0.9999985264328136,0.0017166971784857033,9.110339906186204e-06,-0.0252093987773597,-0.0017166959915814132,0.9999985181909199,-0.00012872776259752541,-0.010117223231304125,-9.331312993254154e-06,0.00012871193322454982,0.9999999916730825,0.9996309959216811,0.0,0.0,0.0,1.0
0.9999966966234813,0.0024354182233481537,-0.0008218760261050756,-0.03422776164063188,-0.0024350765959144805,0.999996948496508,0.0004164128292987179,-0.0345681959710927,0.0008228876575404054,-0.00041441012265443916,0.9999995755599865,0.9988160492104521,0.0,0.0,0.0,1.0
0.9999973794477404,0.002248582382696696,-0.00043008710774851,-0.001541002356126801,-0.0022486085278196496,0.9999974700576094,-6.031641101388041e-05,-0.03196159981475656,0.00042995039323371937,6.128335048976447e-05,0.9999999056935007,0.9994879096062242,0.0,0.0,0.0,1.0
0.9999999911210454,0.0001175695711014829,6.273200696411269e-05,-0.01861656412943147,-0.00011760177477463906,0.9999998611941456,0.000513596643022184,-0.008042927167108293,-6.267161491951487e-05,-0.0005136040158573388,0.9999998661415828,0.9997943462845743,0.0,0.0,0.0,1.0
0.999995531582762,0.002986312503106485,0.00013693846311816802,0.0019608480841455576,-0.0029863208157421494,0.9999955391015453,6.0539206389001454e-05,-0.02464891895043941,-0.000136757063260602,-6.094787805744489e-05,0.9999999887914309,0.9996942461919872,0.0,0.0,0.0,1.0
0.9999978584241436,0.0019473879417651564,0.0007005907016523812,0.01350817204035985,-0.0019475139636022645,0.9999980875289707,0.0001792421887223221,-0.019709975439449034,-0.000700240307716005,-0.0001806062150358119,0.9999997385224191,0.9997144823179787,0.0,0.0,0.0,1.0
0.9999958128827107,0.0008253580486227434,0.00277362599102181,-0.009440758222047903,-0.000821005001148101,0.9999984301864049,-0.0015702151170785394,-0.01233057646460079,-0.0027749176266309693,0.0015679313815937321,0.9999949206987744,0.9998794072128115,0.0,0.0,0.0,1.0
0.9999938522009392,0.0007087759328053642,0.0034341224502674322,-0.01852718455726933,-0.0007049113069751345,0.9999991171158279,-0.0011264402397764732,-0.007494132246827196,-0.0034349178120668053,0.00112401256290349,0.9999934689463642,0.9998002707612397,0.0,0.0,0.0,1.0
0.9999854939208047,-0.000307977756998917,0.005377462009790324,-0.009640361688641576,0.00030539341929868046,0.9999998374937644,0.00048140139511027025,-0.02278079924391206,-0.005377609396841086,-0.0004797521703532315,0.9999854254713065,0.9996940024889219,0.0,0.0,0.0,1.0
0.9999855242764064,-0.0005331707284590658,0.005354154145622687,-0.021739370808122317,0.0005338934466947014,0.9999998485605024,-0.000133554332838565,0.0056061011332087995,-0.005354082127531318,0.0001364109473539028,0.9999856574954589,0.9997479539298648,0.0,0.0,0.0,1.0
0.9999842441418673,-0.0006440013573458644,0.005576444231769878,-0.006212145467452195,0.0006431105948147293,0.999999780158657,0.00016152832786833716,-0.0006245967112758678,-0.005576547030299353,-0.00015793951248403422,0.9999844384680838,0.9999805093738774,0.0,0.0,0.0,1.0
0.9999475603987359,0.0008331246727826788,0.01020697584472234,-0.04224996253389597,-0.000835064462250009,0.9999996340755566,0.00018578508570097144,-0.022043720503203742,-0.010206817327601689,-0.00019429882600005208,0.9999478902062885,0.9988638621214911,0.0,0.0,0.0,1.0
0.999948734007075,0.0005675101814033826,0.010109762106097958,-0.046462016206041956,-0.0005636569781087226,0.9999997674242498,-0.0003839821055412933,-0.004017705043680703,-0.010109977668566847,0.00037826398235927356,0.999948821324322,0.9989119776518106,0.0,0.0,0.0,1.0
0.9999532240743184,-0.0011210698773771073,0.009606917596501507,0.11204488701229269,0.0011175731391215695,0.9999993073081791,0.00036934190202767697,-0.04137361249820062,-0.009607324999950415,-0.00035858819266185865,0.999953784292481,0.9928414614042119,0.0,0.0,0.0,1.0
0.9999217522741233,-0.0007234870035903387,0.012488630653599729,0.011211303198792556,0.0007191523245820281,0.9999996796066111,0.0003515773156582101,-0.016766089084197217,-0.012488881013943685,-0.0003425685777673805,0.999921952203165,0.9997965817792164,0.0,0.0,0.0,1.0
0.9999292216812845,-0.0016730901159540085,0.011779320749723023,0.052439767367236,0.0016634699834215882,0.9999982749250225,0.0008264469693763307,-0.03914814166561061,-0.011780683149767386,-0.0008067939283570927,0.9999302798635923,0.9978564494969201,0.0,0.0,0.0,1.0
0.9999142573654777,-0.0008536197060531922,0.013067105671982066,0.03144755004605212,0.0008595861273437733,0.9999995288602168,-0.00045098895146642934,-0.016804611158870865,-0.013066714542492544,0.000462182585245767,0.9999145200257483,0.9993641261521748,0.0,0.0,0.0,1.0
0.9998716174927798,0.00047131230560080306,0.0160164414613066,-0.008058754666798154,-0.0004719498263539434,0.9999998879827939,3.602444698514243e-05,-0.016051232181786404,-0.01601642268842435,-4.3578778842760096e-05,0.9998717279257153,0.9998386941995527,0.0,0.0,0.0,1.0
0.9998562125547806,-0.00011692939339110771,0.01695702046724207,0.013110476506337267,0.00010691492738991066,0.9999998193575167,0.000591484684612436,-0.01789652123696044,-0.01695708656602916,-0.000589586677928744,0.999856044439769,0.9997538846803207,0.0,0.0,0.0,1.0
0.9998290690816996,0.0018610950075353032,0.018394807544392287,-0.04626512647894361,-0.0018601815545139697,0.9999982676317835,-6.676837787637085e-05,-0.01349792167149433,-0.01839489994010697,3.253928340334576e-05,0.9998307989842024,0.9988379969656929,0.0,0.0,0.0,1.0
0.9997857732422661,-0.0020729195287641352,0.020593946367582605,0.05290870017549705,0.002072470600884389,0.9999978514999033,4.3141457849345255e-05,-0.033806484577236805,-0.020593991550257304,-4.518673916986682e-07,0.9997879212672175,0.9980269490581246,0.0,0.0,0.0,1.0
0.9997613665223472,0.004557061219364061,0.021364531411005222,0.12134331637959593,-0.00453615849705526,0.9999891844724494,-0.001026744473944026,0.01713119895341698,-0.021368979279751496,0.0009295865576438994,0.9997712251277157,0.9924627557709256,0.0,0.0,0.0,1.0
0.999682411477161,0.0015128653265271644,0.025155266281875796,0.10801113362931156,-0.001448131513297311,0.9999955938017618,-0.002591388080085099,0.007022158910673416,-0.025159075863959657,0.00255413695114458,0.9996801975062355,0.9941248836521215,0.0,0.0,0.0,1.0
0.9996593402681314,-0.002026773769073776,0.026021060754192263,0.10021744351632964,0.0020538343952813728,0.9999973775236722,-0.0010132670204461014,-0.06041135740830649,-0.026018938851558926,0.0010663647907536988,0.9996608813428541,0.9931298665890262,0.0,0.0,0.0,1.0
0.9995302588067027,-0.0015236075553892814,0.030609481371348713,0.005880881435845311,0.00159047991577402,0.9999964013746939,-0.0021604655283634913,0.003954299252151833,-0.030606079517692276,0.002208134434061507,0.9995290851390357,0.9999748890602013,0.0,0.0,0.0,1.0
0.9995215797580189,-0.0017537699970972937,0.03087937643203336,0.08285810430875325,0.0017679055153765784,0.9999983446018191,-0.0004304691745234575,-0.020656842078563848,-0.030878570370446883,0.0004848550492623886,0.9995230256514646,0.9963472433974516,0.0,0.0,0.0,1.0
0.9994343584701407,0.0010937936861940961,0.033612002688779195,-0.03634734508299699,-0.001063292707688061,0.9999990066096861,-0.0009253044141333475,-0.03977202117839646,-0.03361298139106725,0.0008890416261791989,0.9994345286645796,0.9985474735017872,0.0,0.0,0.0,1.0
0.9994938452002344,-0.0013773184234871227,0.03178295771022466,0.10561285878705118,0.00126070290008206,0.9999924014078498,0.003688869035316497,-0.11353528398474987,-0.031787796951775804,-0.0036469330295901686,0.9994879868434791,0.987904683332015,0.0,0.0,0.0,1.0
0.9994217094778498,-0.00010297318121523522,0.034003470718384575,0.09229903910706158,2.8229539922093637e-05,0.9999975826979132,0.0021985907812279645,-0.0323777992743467,-0.03400361491761075,-0.002196359454682946,0.9994192964805515,0.9952047857069736,0.0,0.0,0.0,1.0
0.9994023657392613,0.0015031857573022424,0.034534790970073254,0.1405467345703556,-0.0015090522258205783,0.9999988510398464,0.00014380669950323118,0.007542048770326756,-0.03453453512279206,-0.00019583555887429764,0.9994034858515783,0.9900453186101915,0.0,0.0,0.0,1.0
0.9992043049010263,0.00042242827708728267,0.03988205889378397,0.057910159832536466,-0.00043283019055375776,0.9999998745309461,0.0002521827078593406,-0.0005544717385448596,-0.03988194736071297,-0.0002692442064653232,0.9992043623715194,0.9983216445360991,0.0,0.0,0.0,1.0
0.99921691129693,-0.0009081231229755133,0.03955678817367337,0.10159040088822371,0.000911382818659952,0.9999995826186635,-6.437279784851299e-05,-0.024568208720777005,-0.03955671320498204,0.00010037376534060075,0.9992173218902513,0.9945228974576815,0.0,0.0,0.0,1.0
0.9991252122108296,-0.0017196021776982075,0.041783409303394844,0.08770823803104397,0.001760958513205785,0.9999979954122398,-0.0009529935029314734,-0.023008618871275525,-0.04178168677518092,0.001025738686175455,0.9991262375247527,0.9958804488688019,0.0,0.0,0.0,1.0
0.9989830383653154,-0.0013952147840577695,0.04506597867692451,0.013090863849985169,0.0014495132196933383,0.9999982624168486,-0.0011722093285169242,-0.016246555476805688,-0.04506426488725432,0.0012363409684526677,0.9989833249314931,0.9997823156661655,0.0,0.0,0.0,1.0
0.9989735266781196,-0.003993595868740383,0.04512143823413925,0.06602755417728311,0.003942293745693528,0.9999914776980586,0.0012259083473172769,-0.047786195146908884,-0.04512594947812992,-0.0010467680213565311,0.9989807570521099,0.9966728859775144,0.0,0.0,0.0,1.0
0.9990978157368222,-0.0031179900962957233,0.042353662505973166,0.19041532871286138,0.003024108480890714,0.9999928270167052,0.0022805006103218247,-0.004195830795310653,-0.042360469282177016,-0.0021503611085776485,0.9991000783651739,0.9816946559878535,0.0,0.0,0.0,1.0
0.9987171364987723,-0.000900519593151846,0.05062875001572197,-0.032202224116396526,0.0007238016663313878,0.9999935825754568,0.003508691928769192,0.0055892238601043505,-0.05063158475536704,-0.0034675455823311315,0.9987113791044909,0.9994657459556074,0.0,0.0,0.0,1.0
0.9990279056250845,-0.001207702952336482,0.0440656922779602,0.1570732441157979,0.0009120526618713737,0.99997694546721,0.006728795881148095,-0.07701606761583782,-0.04407280275066394,-0.006682064624582887,0.9990059749921689,0.9845793626274785,0.0,0.0,0.0,1.0
0.9987975661812737,0.0014893472715913668,0.04900207786480607,0.08316126542380034,-0.0017601101320307087,0.9999834200360012,0.005482851942675601,-0.04956035556689229,-0.04899309954153779,-0.00556250822981718,0.9987836275688075,0.9953029564354742,0.0,0.0,0.0,1.0
0.9988054088726371,-0.0011426836076336043,0.048851299685242086,0.10595422061370705,0.0009836471555922052,0.9999941388450128,0.003279438045515202,-0.023572415664184235,-0.0488547607203002,-0.003227468015940975,0.9988006787168139,0.994091567388989,0.0,0.0,0.0,1.0
0.9965146244528151,-0.003566064854878372,0.08334198481627014,-0.5878309634347015,0.003408024800469027,0.9999921149712874,0.0020384705567516384,-0.02488501685650659,-0.08334859698053704,-0.001747334170145512,0.9965189201438546,0.8086009487772582,0.0,0.0,0.0,1.0
0.9986544292975785,-0.00414844789834285,0.05169256449783498,0.1237237246641277,0.0041652131876652575,0.9999913020032131,-0.0002166033700005815,-0.011045007748368578,-0.05169121630828005,0.0004316224662024946,0.9986630221744556,0.992255233172934,0.0,0.0,0.0,1.0
0.9984074880818635,-0.004593846722611176,0.056226188865617734,-6.044840407581926e-05,0.004923999002735865,0.9999714331475765,-0.005734729514390989,0.05838811002441148,-0.056198238191993294,0.006002454587193881,0.9984015868191741,0.9982939571858421,0.0,0.0,0.0,1.0
0.998507818445648,-0.0006679404791092797,0.05460485654618455,0.06464597864888998,0.0009036684200981265,0.9999903792931176,-0.004292400795933439,0.030604073372891318,-0.05460146414062121,0.004335340439086628,0.9984988156913245,0.9974388643608759,0.0,0.0,0.0,1.0
0.9986042077576538,0.004388084854515903,0.0526344085178056,0.16701867033717108,-0.004343365379340816,0.9999901029115442,-0.0009639793253191087,-0.03090977305011647,-0.05263811761348598,0.0007340233427363292,0.9986133835393161,0.9854691013364112,0.0,0.0,0.0,1.0
0.9983136627971063,0.008342233769577722,0.057447696284178645,0.015957774439270316,-0.008470474518973281,0.9999621464425498,0.001989156462396037,-0.04826370262429135,-0.0574289276762934,-0.002472411321399977,0.9983465357520949,0.9987071464868664,0.0,0.0,0.0,1.0
0.9986405625668555,3.457840395713744e-05,0.05212509568804975,0.12496837707396936,-6.918115935473858e-06,0.9999998590845591,-0.0005308323664513538,0.00798640230357387,-0.05212510669815493,0.0005297501256066595,0.9986404220821979,0.992128581439797,0.0,0.0,0.0,1.0
0.9987260455973075,-0.002311361504949368,0.0504077717575217,0.15645827175304855,0.002371725328149945,0.9999965402406215,-0.0011377283310041314,0.023584812075577284,-0.0504049676572932,0.0012558323060007093,0.9987280721601283,0.9874029399588644,0.0,0.0,0.0,1.0
0.9990267319179496,-0.0022692189930879295,0.04405042063933429,0.22301707225072792,0.0022629828954755706,0.9999974211274529,0.00019143369089073478,-0.027646210682650215,-0.0440507414438811,-9.156202614429149e-05,0.9990292907591046,0.9744224302219259,0.0,0.0,0.0,1.0
0.9990910338574925,0.00043623036363554346,0.04262529493899117,0.06865264544370073,-0.0005358457000703955,0.9999971522160176,0.0023256029845260436,0.013837820560419866,-0.04262415905272334,-0.002346329671159539,0.9990884224142138,0.9975446501263586,0.0,0.0,0.0,1.0
0.9993129571539323,0.0007035004016245445,0.0370556170026588,0.1469318316289974,-0.0008250273237902475,0.999994331519466,0.003264392570050491,-0.017880409214916227,-0.037053110452130916,-0.003292721689015416,0.9993078729749412,0.9889849987843371,0.0,0.0,0.0,1.0
0.9993250452062926,0.004219435844299098,0.03649178516593293,0.16697255237971,-0.004267564048025753,0.9999901237518876,0.001241086532340653,0.04848742017026252,-0.036486188079008164,-0.0013959798854587535,0.9993331823369134,0.9847685701915132,0.0,0.0,0.0,1.0
0.9995056171631234,-1.1931398392287657e-07,0.03144075793217149,0.23456333781527416,-2.1434276636918964e-05,0.9999997650253908,0.000685193210059388,-0.005290512780574983,-0.03144075062614515,-0.0006855283721995415,0.9995053823021244,0.97208644215804,0.0,0.0,0.0,1.0
0.9995681692838243,0.0012975824226481754,0.02935628100493149,0.08153846464066816,-0.0013038563763295105,0.9999991310489327,0.0001945762810762683,0.038946195161744024,-0.02935600301699759,-0.00023276863123505853,0.9995689925691126,0.9959089680620744,0.0,0.0,0.0,1.0
0.9996658384790565,0.0031128607337045314,0.025661673289506734,0.09385983104531687,-0.0030664487551497082,0.9999935913094156,-0.001847764089213162,-0.008845577489988283,-0.02566726066406122,0.0017684564314410988,0.9996689773579317,0.9955461254382004,0.0,0.0,0.0,1.0
0.9997347820091936,0.004923481172722679,0.022497221476703407,0.03410213228150906,-0.004875416308042466,0.9999857151884168,-0.0021908297363777635,0.0015295379816999382,-0.02250768661709316,0.0020805653684437242,0.9997445050066014,0.9994171827057093,0.0,0.0,0.0,1.0
0.9998531910392023,-0.00040506532270251144,0.01712986546383359,0.11392837808555417,0.00039673283795878993,0.9999998013369036,0.0004898256921869945,-0.03214770337534183,-0.017130060472163602,-0.0004829578012468319,0.9998531531079862,0.9929687053651217,0.0,0.0,0.0,1.0
0.999850060919528,-0.004413902856847972,0.016744346532038313,0.03995405606894845,0.004419160892781336,0.9999901970874151,-0.00027703082399658206,-0.014590829661227035,-0.01674295960152745,0.00035098524761916806,0.9998597652236726,0.9990949810170384,0.0,0.0,0.0,1.0
0.9998611043999588,-0.00150550476817675,0.016598354240330522,0.011406368789454556,0.001503269044053743,0.999998859260719,0.00014717146984312684,0.004757689282518426,-0.01659855687328543,-0.00012219923626178783,0.9998622269978354,0.9999236266554211,0.0,0.0,0.0,1.0
0.9999037406332113,0.0004603113458302485,0.013867140338826647,0.07417481969349293,-0.0004763248038837588,0.9999992235848483,0.001151496583434733,-0.00814470302320214,-0.013866599525226668,-0.0011579910040050191,0.9999031835505082,0.9972119934778669,0.0,0.0,0.0,1.0
0.9998853990347223,-0.004746039512762206,0.01437580975523288,0.057608388154106356,0.004757049089694101,0.9999884174516234,-0.0007317421366381596,-0.035419419111783264,-0.01437217036962743,0.0008000447109926812,0.9998963949566609,0.9977107488466131,0.0,0.0,0.0,1.0
0.9999018649245256,0.004104255407335534,0.013394611155505706,0.07565739121579776,-0.004075522025090849,0.9999893367829968,-0.00217173675311904,0.04696993493162687,-0.01340338168817258,0.0021169335967870656,0.9999079297372673,0.996026999818247,0.0,0.0,0.0,1.0
0.9999381080646956,-0.005156296961961543,0.009858632848226839,0.005153058074183251,0.005171933122210052,0.9999854067733106,-0.001561200883063005,0.0036228638526199304,-0.009850438963592483,0.0016120924470863982,0.9999501837642545,0.9999801602281864,0.0,0.0,0.0,1.0
0.9999547692810469,-0.008732280392039368,0.003769173814540637,0.06107488939082155,0.00873715907419777,0.9999610112651801,-0.0012798440646597936,-0.01603736601142693,-0.0037578509019916273,0.0013127180475884515,0.999992077632581,0.9980043390573583,0.0,0.0,0.0,1.0
0.9999888703271372,-0.003942733228778071,0.0025911535158656598,0.0068750867814601204,0.003941162739637321,0.9999920469728013,0.0006109234046873663,-0.005588880865194946,-0.0025935416163591777,-0.0006007044476203111,0.9999964563417467,0.9999607480258523,0.0,0.0,0.0,1.0
0.9999993244676577,0.0009405289630871198,0.0006829857233174585,-0.03779668219902443,-0.000941781541869876,0.9999978711190234,0.0018359752034326684,-0.008785344081170664,-0.0006812574814678077,-0.0018366171865196596,0.9999980813609366,0.9992468306400184,0.0,0.0,0.0,1.0
0.9999947661810269,-0.002250687746219495,-0.0023242235741968847,-0.020784906745442512,0.0022544351488815798,0.9999961611491925,0.001610965250134629,-0.009268991036523035,0.002320588872101282,-0.0016161966299536798,0.9999960013798755,0.9997410031887,0.0,0.0,0.0,1.0
0.9999919137423083,-0.001165990903397395,-0.0038487550206408976,-0.026547977331638217,0.0011730917713521423,0.9999976131649244,0.0018432363250810886,-0.028774524361355084,0.003846596637509612,-0.0018477363630419012,0.9999908947408676,0.9992333219260537,0.0,0.0,0.0,1.0
0.9999845383261056,0.0010375926464351371,-0.00546319597177148,0.05447585824117865,-0.0010488704692418892,0.9999973242846583,-0.00206186669368105,0.0012639508960883413,0.005461041976096072,0.0020675649986931057,0.9999829509524207,0.998514287978404,0.0,0.0,0.0,1.0
0.9999902196649093,0.0002295384413506436,-0.004416773327950763,0.00029560379369715387,-0.0002319025234641938,0.999999830133814,-0.0005347462603822427,-0.015042018534088578,0.004416649832867196,0.0005357652912649502,0.9999901030309284,0.9998868187434102,0.0,0.0,0.0,1.0
0.9999765897949122,-0.004467342135822694,-0.005182925465404515,0.020652930638929534,0.0044727607585861775,0.9999894622038276,0.0010343560781507308,-0.005317187203566433,0.005178250026301002,-0.001057513849299166,0.9999860335980315,0.9997725661250491,0.0,0.0,0.0,1.0
0.9999903424473364,-0.0031487710341398163,-0.0030659832082903724,0.0006505367513589096,0.0031544371206050424,0.9999933227835975,0.0018449701006026291,0.008525051358800705,0.003060153347645373,-0.0018546237339501026,0.9999935978956537,0.9999634494826624,0.0,0.0,0.0,1.0
0.9999957706964031,-0.001966279626980998,-0.002142973106480116,-0.03175548455010489,0.001975689036033807,0.9999883788876548,0.004397583708426554,-0.027716604636777,0.0021343013234952912,-0.0044017989581808525,0.9999880343903083,0.9991112946155682,0.0,0.0,0.0,1.0
0.9999849500930121,-0.0027228054059355846,-0.004762973671690363,0.011007995869174178,0.002740867351520951,0.9999890626634791,0.0037897492763775097,-0.017103434797926146,0.0047526028276276226,-0.0038027469200362686,0.9999814757695388,0.9997931268742836,0.0,0.0,0.0,1.0
0.9999595641797953,-0.002428573693949024,-0.008658639336926843,0.07861923717585079,0.0024572837453874633,0.9999915137954529,0.0033066741105138055,-0.0280168256167063,0.008650535356183042,-0.0033278171361337504,0.9999570460130573,0.9965109497784008,0.0,0.0,0.0,1.0
0.999990268795659,0.0020941772464252205,-0.003882877237979983,-0.01885178248718665,-0.0020892192466653494,0.9999969977306412,0.0012805048397166105,-0.019804666375115465,0.0038855471846358687,-0.0012723801970043157,0.999991641750925,0.999626122851352,0.0,0.0,0.0,1.0
0.9999720660027835,0.006454129142186,-0.003769805185969307,-0.028333943415614512,-0.006448741021855883,0.9999781702713115,0.001439694437303074,-0.023332510298233116,0.00377901486596852,-0.0014153437235354983,0.9999918578912463,0.9993261637792255,0.0,0.0,0.0,1.0
0.9999747097428181,0.005790911418250438,-0.004128585679455649,-0.03430058070724766,-0.005777889711081692,0.9999783180652407,0.0031590172361353613,-0.01702851985914378,0.0041467897527135075,-0.0031350828310583757,0.999986487603902,0.9992664808120766,0.0,0.0,0.0,1.0
0.9999894655677934,0.0027313970204460095,-0.003688932604018015,-0.02774426964169358,-0.0027286502664143715,0.9999959964099578,0.0007494209618426999,-0.008272705437517168,0.003690964801226472,-0.0007393472601856764,0.9999929150471344,0.9995808210679081,0.0,0.0,0.0,1.0
0.999995550272989,0.0011079815357466242,-0.002769803447504139,-0.01484027413200708,-0.0011169315898231769,0.9999941538200214,-0.003231839971709515,-0.01770355854751491,0.00276620643571953,0.0032349192718720363,0.9999909416586029,0.9997331395319661,0.0,0.0,0.0,1.0
0.9999930085815,-0.002551474767813197,-0.0027336357895232973,-0.013404743801005103,0.00252812778821213,0.9999605907730658,-0.008510315544509588,-0.004058118408787605,0.002755241914428058,0.00850334506472971,0.9999600500843537,0.9999019174492115,0.0,0.0,0.0,1.0
0.9999977706557011,0.001313879158935727,-0.0016529988457299075,0.00031474058649738233,-0.0013250645342735964,0.9999761110453891,-0.006783917932879776,-0.0026675811194587814,0.001644046108927569,0.00678609313933668,0.9999756227290223,0.99999639246816,0.0,0.0,0.0,1.0
0.9999976993547994,0.00010695650462119122,-0.0021423924510269267,-0.007703791622795842,-0.000104865802081747,0.9999995182511674,0.0009759613703176663,-0.015419208497687922,0.002142495804348675,-0.0009757344612740734,0.999997228823155,0.9998514387667488,0.0,0.0,0.0,1.0
0.9999972961958448,-0.001846675200017951,-0.0014132910902017659,-0.002494195704729139,0.0018523210815663469,0.9999902683215742,0.004004019075472237,-0.013586339922116915,0.001405883213780277,-0.004006626118269605,0.9999909851791354,0.9999045906261794,0.0,0.0,0.0,1.0
0.9999997724959423,0.0006442647446334259,-0.0001998274314256067,0.02450241754439896,-0.0006442161861967143,0.9999997629752456,0.00024297110571337363,-0.01633857297283857,0.00019998392177893176,-0.00024284231837069098,0.9999999505170185,0.9995662472131055,0.0,0.0,0.0,1.0
0.9999974164419801,0.002269401534499252,-0.00013010011534100028,0.0003388408936122624,-0.0022697385528394455,0.9999939085346554,-0.0026516373215756204,-0.01409466500802907,0.00012408169303416018,0.002651925764164271,0.999996475940528,0.9999006078631818,0.0,0.0,0.0,1.0
0.9999767254343312,0.006822557255472916,3.608501542027784e-05,-0.024702953938026805,-0.006822496772136782,0.9999756437068259,-0.0014715742974018885,-0.009008119839155854,-4.612403642266158e-05,0.0014712938572480514,0.9999989165828924,0.9996542491500243,0.0,0.0,0.0,1.0
0.9999988344313941,0.0010788103356899766,0.001080418489759127,-0.009814240118199133,-0.0010795548712137864,0.9999991800770192,0.0006887717833192007,-0.010345757063238877,-0.0010796745497804044,-0.0006899373515520026,0.9999991791443218,0.9998983178312136,0.0,0.0,0.0,1.0
0.9999986334952967,2.5693890833751302e-05,0.0016529813560438788,-0.007497665560296137,-2.7844104677910288e-05,0.999999153572151,0.0013007996340756792,-0.017841631380930163,-0.001652946534310631,-0.001300843882312771,0.9999977877840275,0.999812713062208,0.0,0.0,0.0,1.0
0.9999935188548392,0.0032277588288962666,0.0015949361301130782,0.0036470249229720022,-0.0032215715613605716,0.9999873346661995,-0.003866779521224089,-3.612930832740254e-05,-0.0016073969614536152,0.003861616259185758,0.9999912520591742,0.9999933489298237,0.0,0.0,0.0,1.0
0.9999983188575716,-0.0005225931128001922,0.0017576058911574783,-0.005859770690382896,0.0005301510454285504,0.9999906040342501,-0.0043024159590400735,-0.008497495180876996,-0.0017553409638041261,0.004303340522666707,0.9999891999609031,0.999946726412516,0.0,0.0,0.0,1.0
0.9999803410568127,-0.006190308683119056,0.0009987884201219273,-0.010909841904031903,0.006192446342347477,0.9999785119972875,-0.002151546417818777,-0.04913221263645895,-0.000985448221681286,0.0021576890643889707,0.9999971866308942,0.9987326974877084,0.0,0.0,0.0,1.0
0.9999954164967808,-0.0027589484971128624,0.0012470720187749678,-0.012998918019225732,0.002760996120831576,0.999994838356558,-0.0016432165597671518,-0.005329360261187562,-0.0012425320319758605,0.0016466521890849957,0.9999978723230954,0.9999013081547279,0.0,0.0,0.0,1.0
0.9999972264339053,0.0016435165226537693,0.001687002648633017,-0.013050832784670556,-0.0016416393838380454,0.9999980325794984,-0.0011134887810969954,-0.012910468427458192,-0.0016888293667989447,0.0011107162427736305,0.9999979570803121,0.999831483585414,0.0,0.0,0.0,1.0
0.9999986432926082,0.00089134581228027,0.0013852492867132311,-0.018687587029760127,-0.0008918020043874922,0.9999995483099821,0.0003287385229213957,-0.007860727833781748,-0.0013849556413042079,-0.00032997344500989255,0.9999989865071851,0.9997944704032566,0.0,0.0,0.0,1.0
0.9999943946273798,0.0017202258315985768,0.002872548852214156,-0.02354767783860711,-0.0017330210907469004,0.9999885623064751,0.004457790274099944,-0.00806162598786745,-0.002864847590899392,-0.004462743474269481,0.9999859381856145,0.9996902105426665,0.0,0.0,0.0,1.0
0.9999986611563955,0.00020252816443912125,0.0016237819308793028,0.005633098589293009,-0.00020564997033951926,0.9999981306260999,0.001922616029218352,-0.012416591785410548,-0.001623389511528417,-0.00192294738584212,0.999996833434909,0.9999070439039409,0.0,0.0,0.0,1.0
